	901|1.5,Tm|0.3	P6|20,Tm|0.3	NT|3,SR|2.4	RY|2,P6|20	PLX|60,P6|20	901|1.5,SR|2.4	P6|20	ST|0.6,Tm|0.3	ZS|0.6,P6|20	P6|20,HN|6	901|1.5,HN|6	NT|3,Tm|0.3	NT|6	AK|10	AK|5,Tm|0.3	901|1.5,PLX|60	ZS|0.6,NT|3	AK|5	ZS|0.6,Tm|0.3	P6|20,SR|2.4	RY|2,HN|6	RY|2,RO|3.5	PLX|60,RO|3.5	ST|0.6,NT|3	PLX|60	PLX|60,Tm|0.3	901|1.5	ZS|0.6,PLX|60	ZS|0.6,HN|6	RY|2,SR|2.4	AK|5,ZS|0.6	RY|2,ZS|0.6	ST|0.6,HN|6	901|1.5,NT|3	RO|3.5	P6|20,RO|3.5	Tm|0.6	AK|5,ST|0.6	Tm|0.3	RY|2,Tm|0.3	P6|20,ST|0.6	PLX|60,ST|0.6	PLX|60,SR|2.4	ST|1.2	HN|6,NT|3	ZS|0.6,RO|3.5	P6|20,NT|3	RY|2,AK|5	ST|0.6,RO|3.5	RY|2,NT|3	RY|2	901|1.5,ZS|0.6	RY|2,901|1.5	HN|6	AK|5,PLX|60	HN|6,SR|2.4	PLX|60,HN|6	RY|2,ST|0.6	ST|0.6	SR|2.4,RO|3.5	901|1.5,P6|20	ZS|1.2	901|1.5,ST|0.6	NT|3,RO|3.5	PLX|60,NT|3	NT|3	ZS|0.6,ST|0.6	901|1.5,RO|3.5	AK|5,NT|3	P6|40	AK|5,901|1.5	901|3	RO|7	SR|2.4,Tm|0.3	AK|5,HN|6	AK|5,P6|20	ZS|0.6	SR|4.8	HN|6,RO|3.5	RO|3.5,Tm|0.3	SR|2.4	RY|2,PLX|60	ST|0.6,SR|2.4	HN|12	HN|6,Tm|0.3	PLX|120	AK|5,RO|3.5	ZS|0.6,SR|2.4	AK|5,SR|2.4
ABL1	3	3	2	2	3	2	3	3	3	3	3	3	3	3	3	3	3	3	3	2	2	2	3	3	3	3	3	3	3	2	3	2	3	3	3	3	3	3	3	2	3	3	2	3	3	3	3	2	3	2	2	3	2	3	3	2	3	2	3	2	3	3	3	3	3	3	3	3	3	3	3	3	3	2	3	3	3	2	3	3	2	2	2	3	3	3	3	2	2
ACACA	3	3	3	3	3	3	3	3	3	3	3	3	4	3	3	3	3	3	3	3	4	3	3	4	3	3	3	3	3	3	3	3	4	3	3	3	3	3	3	3	3	3	3	4	4	3	3	3	3	4	4	3	3	4	3	3	3	4	4	3	3	3	3	3	3	4	3	3	3	3	3	3	3	3	3	3	3	3	3	3	3	3	3	4	3	3	3	3	3
ACACB	3	3	3	3	3	3	3	3	3	3	3	3	4	3	3	3	3	3	3	3	4	3	3	4	3	3	3	3	3	3	3	3	4	3	3	3	3	3	3	3	3	3	3	4	4	3	3	3	3	4	4	3	3	4	3	3	3	4	4	3	3	3	3	3	3	4	3	3	3	3	3	3	3	3	3	3	3	3	3	3	3	3	3	4	3	3	3	3	3
ACTB	2	2	3	3	2	2	3	2	2	3	2	2	3	2	2	2	2	2	2	3	3	3	2	3	2	2	2	2	2	3	2	2	3	2	3	3	2	2	2	2	3	2	2	3	3	2	3	2	3	3	3	2	2	3	2	3	2	3	3	3	2	2	2	3	2	3	2	2	2	3	2	2	3	2	2	2	2	3	3	2	3	2	3	3	2	2	2	2	2
AGFG1	4	3	3	3	3	3	3	4	3	3	4	4	4	4	4	4	3	4	3	3	4	3	3	4	4	4	4	3	3	3	3	3	4	4	3	3	4	4	4	4	3	4	3	4	4	3	3	4	3	4	4	3	4	4	4	3	4	4	4	3	3	3	4	3	4	4	3	3	4	3	4	4	3	3	4	3	3	3	3	3	3	4	3	4	4	4	3	3	3
AIM1	100	100	100	100	100	100	100	100	100	100	100	100	100	100	100	100	100	100	100	100	100	100	100	100	100	100	100	100	100	100	100	100	100	100	100	100	100	100	100	100	100	100	100	100	100	100	100	100	100	100	100	100	100	100	100	100	100	100	100	100	100	100	100	100	100	100	100	100	100	100	100	100	100	100	100	100	100	100	100	100	100	100	100	100	100	100	100	100	100
AKT1	2	2	2	2	2	2	2	2	1	2	2	2	2	1	1	2	1	1	1	2	2	2	2	2	2	2	2	1	1	2	1	1	2	2	2	2	2	1	2	2	2	2	2	2	2	1	2	1	2	2	3	1	2	2	1	2	2	2	2	2	2	1	2	2	2	2	1	2	1	2	1	2	2	2	1	1	1	2	2	2	2	2	2	2	2	2	1	1	1
AKT1S1	2	2	3	3	3	3	3	2	2	3	3	2	3	2	2	3	2	2	2	3	3	3	3	3	3	2	3	2	2	3	2	2	3	3	3	3	2	2	2	2	3	3	3	3	3	2	3	2	3	3	4	2	3	3	2	3	3	3	3	3	3	2	3	3	3	3	2	3	2	3	2	3	3	2	2	2	2	3	3	2	3	3	3	3	2	3	2	2	2
AKT2	2	2	2	2	2	2	2	2	1	2	2	2	2	1	1	2	1	1	1	2	2	2	2	2	2	2	2	1	1	2	1	1	2	2	2	2	2	1	2	2	2	2	2	2	2	1	2	1	2	2	3	1	2	2	1	2	2	2	2	2	2	1	2	2	2	2	1	2	1	2	1	2	2	2	1	1	1	2	2	2	2	2	2	2	2	2	1	1	1
AKT3	2	2	2	2	2	2	2	2	1	2	2	2	2	1	1	2	1	1	1	2	2	2	2	2	2	2	2	1	1	2	1	1	2	2	2	2	2	1	2	2	2	2	2	2	2	1	2	1	2	2	3	1	2	2	1	2	2	2	2	2	2	1	2	2	2	2	1	2	1	2	1	2	2	2	1	1	1	2	2	2	2	2	2	2	2	2	1	1	1
AMH	100	100	100	100	100	100	100	100	100	100	100	100	100	100	100	100	100	100	100	100	100	100	100	100	100	100	100	100	100	100	100	100	100	100	100	100	100	100	100	100	100	100	100	100	100	100	100	100	100	100	100	100	100	100	100	100	100	100	100	100	100	100	100	100	100	100	100	100	100	100	100	100	100	100	100	100	100	100	100	100	100	100	100	100	100	100	100	100	100
ANXA1	100	100	100	100	100	100	100	100	100	100	100	100	100	100	100	100	100	100	100	100	100	100	100	100	100	100	100	100	100	100	100	100	100	100	100	100	100	100	100	100	100	100	100	100	100	100	100	100	100	100	100	100	100	100	100	100	100	100	100	100	100	100	100	100	100	100	100	100	100	100	100	100	100	100	100	100	100	100	100	100	100	100	100	100	100	100	100	100	100
ANXA7	100	100	100	100	100	100	100	100	100	100	100	100	100	100	100	100	100	100	100	100	100	100	100	100	100	100	100	100	100	100	100	100	100	100	100	100	100	100	100	100	100	100	100	100	100	100	100	100	100	100	100	100	100	100	100	100	100	100	100	100	100	100	100	100	100	100	100	100	100	100	100	100	100	100	100	100	100	100	100	100	100	100	100	100	100	100	100	100	100
AR	2	2	2	2	2	2	2	2	2	2	2	2	2	2	2	2	2	2	2	2	2	2	2	2	2	2	2	2	2	2	2	2	2	2	3	2	2	2	2	2	2	2	2	2	2	2	2	2	2	2	2	2	2	3	2	2	2	2	2	2	2	2	2	2	2	2	2	2	2	2	2	2	3	2	2	2	2	2	3	2	2	2	2	3	2	2	2	2	2
ARAF	2	3	2	3	2	2	3	3	3	3	2	3	3	3	3	2	3	3	3	2	3	3	2	3	2	2	2	2	3	2	3	3	3	2	3	3	3	3	3	3	3	2	2	3	3	3	3	3	3	3	3	2	2	4	2	2	2	3	3	2	2	3	2	3	2	3	3	2	3	3	2	2	3	2	3	3	3	2	3	3	2	2	2	4	3	2	3	2	2
ARID1A	100	100	100	100	100	100	100	100	100	100	100	100	100	100	100	100	100	100	100	100	100	100	100	100	100	100	100	100	100	100	100	100	100	100	100	100	100	100	100	100	100	100	100	100	100	100	100	100	100	100	100	100	100	100	100	100	100	100	100	100	100	100	100	100	100	100	100	100	100	100	100	100	100	100	100	100	100	100	100	100	100	100	100	100	100	100	100	100	100
ATG3	100	100	100	100	100	100	100	100	100	100	100	100	100	100	100	100	100	100	100	100	100	100	100	100	100	100	100	100	100	100	100	100	100	100	100	100	100	100	100	100	100	100	100	100	100	100	100	100	100	100	100	100	100	100	100	100	100	100	100	100	100	100	100	100	100	100	100	100	100	100	100	100	100	100	100	100	100	100	100	100	100	100	100	100	100	100	100	100	100
ATG7	100	100	100	100	100	100	100	100	100	100	100	100	100	100	100	100	100	100	100	100	100	100	100	100	100	100	100	100	100	100	100	100	100	100	100	100	100	100	100	100	100	100	100	100	100	100	100	100	100	100	100	100	100	100	100	100	100	100	100	100	100	100	100	100	100	100	100	100	100	100	100	100	100	100	100	100	100	100	100	100	100	100	100	100	100	100	100	100	100
ATM	2	3	3	3	2	2	3	3	3	3	2	3	3	3	3	2	3	3	3	3	3	3	2	3	2	2	2	2	3	3	3	3	3	2	3	3	3	3	3	3	3	2	2	3	3	3	3	3	3	3	3	2	2	3	2	3	2	3	3	3	2	3	2	3	2	3	3	2	3	3	2	2	3	3	3	3	3	3	3	3	3	2	3	3	3	2	3	3	3
ATR	2	3	3	3	2	2	3	3	3	3	2	3	3	3	3	2	3	3	3	3	3	3	2	3	2	2	2	2	3	3	3	3	3	2	3	3	3	3	3	3	3	2	2	3	3	3	3	3	3	3	3	2	2	3	2	3	2	3	3	3	2	3	2	3	2	3	3	2	3	3	2	2	3	3	3	3	3	3	3	3	3	2	3	3	3	2	3	3	3
ATRX	100	100	100	100	100	100	100	100	100	100	100	100	100	100	100	100	100	100	100	100	100	100	100	100	100	100	100	100	100	100	100	100	100	100	100	100	100	100	100	100	100	100	100	100	100	100	100	100	100	100	100	100	100	100	100	100	100	100	100	100	100	100	100	100	100	100	100	100	100	100	100	100	100	100	100	100	100	100	100	100	100	100	100	100	100	100	100	100	100
AURKB	100	100	100	100	100	100	100	100	100	100	100	100	100	100	100	100	100	100	100	100	100	100	100	100	100	100	100	100	100	100	100	100	100	100	100	100	100	100	100	100	100	100	100	100	100	100	100	100	100	100	100	100	100	100	100	100	100	100	100	100	100	100	100	100	100	100	100	100	100	100	100	100	100	100	100	100	100	100	100	100	100	100	100	100	100	100	100	100	100
AXL	3	3	3	3	3	3	3	3	3	3	3	3	4	3	3	3	3	3	3	3	4	3	3	3	3	3	3	3	3	3	3	3	3	3	3	3	3	3	3	3	3	3	3	3	4	3	3	3	3	4	4	3	3	4	3	3	3	3	3	3	3	3	3	3	3	4	3	3	3	3	3	3	3	3	3	3	3	3	3	3	3	3	3	4	3	3	3	3	3
BABAM1	100	100	100	100	100	100	100	100	100	100	100	100	100	100	100	100	100	100	100	100	100	100	100	100	100	100	100	100	100	100	100	100	100	100	100	100	100	100	100	100	100	100	100	100	100	100	100	100	100	100	100	100	100	100	100	100	100	100	100	100	100	100	100	100	100	100	100	100	100	100	100	100	100	100	100	100	100	100	100	100	100	100	100	100	100	100	100	100	100
BAD	2	3	3	3	2	2	3	3	2	3	2	3	3	2	2	2	2	2	2	3	3	3	2	3	2	2	2	2	2	3	2	2	3	2	3	3	3	2	3	3	3	2	2	3	3	2	3	2	3	3	3	2	2	3	2	3	2	3	3	3	2	2	2	3	2	3	2	2	2	3	2	2	3	3	2	2	2	3	3	3	3	2	3	3	3	2	2	2	2
BAK1	3	3	3	3	3	3	3	3	3	3	3	3	3	3	3	3	3	3	3	3	3	3	3	3	3	3	3	3	3	3	3	3	3	3	3	3	3	3	3	3	3	3	3	3	3	3	3	3	3	3	3	3	3	3	3	3	3	3	3	3	3	3	3	3	3	3	3	3	3	3	3	3	3	3	3	3	3	3	3	3	3	3	3	3	3	3	3	3	3
BAP1	100	100	100	100	100	100	100	100	100	100	100	100	100	100	100	100	100	100	100	100	100	100	100	100	100	100	100	100	100	100	100	100	100	100	100	100	100	100	100	100	100	100	100	100	100	100	100	100	100	100	100	100	100	100	100	100	100	100	100	100	100	100	100	100	100	100	100	100	100	100	100	100	100	100	100	100	100	100	100	100	100	100	100	100	100	100	100	100	100
BAX	3	3	3	2	3	3	3	2	2	3	3	3	3	2	2	3	2	2	2	3	2	2	2	2	3	3	3	2	2	2	2	2	2	3	2	2	3	2	3	2	2	2	3	2	3	2	3	2	2	2	2	2	2	3	2	3	3	2	2	2	3	2	2	2	3	3	2	2	2	3	2	3	2	3	2	2	2	3	2	2	3	2	2	3	3	3	2	2	2
BCL2	2	3	3	3	2	2	3	2	2	3	2	3	3	2	2	2	2	2	2	3	3	3	2	2	2	2	2	2	2	3	2	2	2	2	3	3	3	2	3	3	2	2	2	2	3	2	3	2	2	3	3	2	2	3	2	3	2	2	2	3	2	2	2	3	2	3	2	2	2	3	2	2	3	3	2	2	2	3	3	3	3	2	2	3	3	2	2	2	2
BCL2A1	100	100	100	100	100	100	100	100	100	100	100	100	100	100	100	100	100	100	100	100	100	100	100	100	100	100	100	100	100	100	100	100	100	100	100	100	100	100	100	100	100	100	100	100	100	100	100	100	100	100	100	100	100	100	100	100	100	100	100	100	100	100	100	100	100	100	100	100	100	100	100	100	100	100	100	100	100	100	100	100	100	100	100	100	100	100	100	100	100
BCL2L1	2	3	3	3	2	2	3	2	2	3	2	3	3	3	3	2	2	3	2	3	3	3	2	2	2	2	2	2	2	3	2	2	2	2	3	3	3	2	3	3	2	2	2	2	3	2	3	3	2	3	3	2	2	3	2	3	2	2	2	3	2	2	2	3	2	3	2	2	3	3	2	2	3	3	3	3	2	3	3	3	3	2	2	3	3	2	3	2	3
BCL2L11	2	3	3	3	2	2	3	3	2	3	2	3	3	2	2	2	2	2	2	3	3	3	2	3	2	2	2	2	2	3	2	2	3	2	3	3	3	2	3	3	3	2	2	3	3	2	3	2	3	3	3	2	2	3	2	3	2	3	3	3	2	2	2	3	2	3	2	2	2	3	2	2	3	3	2	2	2	3	3	3	3	2	3	3	3	2	2	2	2
BECN1	2	2	3	3	3	3	3	2	2	3	3	2	3	2	2	3	2	2	2	3	3	3	3	3	3	2	3	2	2	3	2	2	3	3	3	3	2	2	2	2	3	3	3	3	3	2	3	2	3	3	3	2	3	3	2	3	3	3	3	3	3	2	3	3	3	3	2	3	2	3	2	3	3	2	2	2	2	3	3	2	3	3	3	3	2	3	2	2	2
BID	2	3	3	3	2	2	3	3	2	3	2	3	3	2	2	2	2	2	2	3	3	3	2	3	2	2	2	2	2	3	2	2	3	2	3	3	3	2	3	3	3	2	2	3	3	2	3	2	3	3	3	2	2	3	2	3	2	3	3	3	2	2	2	3	2	3	2	2	2	3	2	2	3	3	2	2	2	3	3	3	3	2	3	3	3	2	2	2	2
BIRC3	100	100	100	100	100	100	100	100	100	100	100	100	100	100	100	100	100	100	100	100	100	100	100	100	100	100	100	100	100	100	100	100	100	100	100	100	100	100	100	100	100	100	100	100	100	100	100	100	100	100	100	100	100	100	100	100	100	100	100	100	100	100	100	100	100	100	100	100	100	100	100	100	100	100	100	100	100	100	100	100	100	100	100	100	100	100	100	100	100
BRAF	2	3	2	3	1	2	3	3	2	3	2	3	3	2	2	1	2	2	2	2	3	2	1	3	1	1	2	1	2	2	2	2	3	2	2	2	3	2	3	3	3	1	1	3	3	2	3	2	2	3	3	2	2	3	1	2	1	3	3	2	2	2	2	2	1	3	2	2	2	3	2	2	2	2	2	2	2	2	2	2	2	1	2	3	3	1	2	2	2
BRD4	3	3	3	3	3	3	3	3	3	3	3	3	4	3	3	3	3	3	3	3	3	4	3	3	3	3	3	3	3	3	3	3	3	3	4	3	3	3	3	3	3	3	3	3	3	3	3	3	3	4	4	3	3	3	3	3	3	3	3	3	3	3	3	4	3	4	3	3	3	3	3	3	4	3	3	3	3	3	3	3	3	3	3	3	3	3	3	3	3
C21orf33	3	3	3	3	3	3	3	3	3	3	3	3	4	3	3	3	3	3	3	3	4	4	3	4	3	3	3	3	3	3	3	3	4	3	4	3	3	3	3	3	3	3	3	4	4	3	3	3	4	4	4	3	3	4	3	3	3	4	4	3	3	3	3	4	3	4	3	3	3	3	3	3	4	3	3	3	3	3	4	3	3	3	3	4	3	3	3	3	3
CASP3	2	2	2	2	2	2	2	2	2	2	2	3	3	2	2	2	2	2	2	2	3	2	2	2	2	2	2	2	2	2	2	2	2	2	2	2	3	2	3	3	2	2	2	2	3	2	2	2	2	3	3	2	2	3	2	2	2	2	2	2	2	2	2	2	2	3	2	2	2	2	2	2	2	2	2	2	2	2	2	2	2	2	2	3	3	2	2	2	2
CASP7	3	3	2	2	3	2	3	2	2	3	3	3	3	2	2	3	2	2	2	2	2	2	2	2	3	3	3	2	2	2	2	2	2	3	2	2	3	2	3	2	2	2	2	2	3	2	3	2	2	2	2	2	2	3	2	2	3	2	2	2	3	2	2	2	3	3	2	2	2	3	2	3	2	2	2	2	2	2	2	2	2	2	2	3	3	3	2	2	2
CASP8	2	3	2	3	2	2	3	2	2	3	2	3	3	2	2	2	2	2	2	2	3	2	2	2	2	2	2	2	2	2	2	2	2	2	2	2	3	2	3	3	2	2	2	2	3	2	3	2	2	3	3	2	2	3	2	2	2	2	2	2	2	2	2	2	2	3	2	2	2	3	2	2	2	2	2	2	2	2	2	2	2	2	2	3	3	2	2	2	2
CAV1	2	3	2	3	2	2	3	3	2	3	2	3	3	2	2	2	2	2	2	2	3	2	2	3	2	2	2	2	2	2	2	2	3	2	2	2	3	2	3	3	3	2	2	3	3	2	3	2	2	3	3	2	2	3	2	2	2	3	3	2	2	2	2	2	2	3	2	2	2	3	2	2	2	2	2	2	2	2	2	2	2	2	2	3	3	2	2	2	2
CCNB1	2	2	2	2	2	2	2	2	2	2	2	2	3	2	2	2	2	2	2	2	2	2	2	2	2	2	2	2	2	2	2	2	2	2	3	2	2	2	2	2	2	2	2	2	2	2	2	2	2	2	2	2	2	2	2	2	2	2	2	2	2	2	2	3	2	3	2	2	2	2	2	2	3	2	2	2	2	2	2	2	2	2	2	2	2	2	2	2	2
CCND1	2	2	2	2	2	2	2	2	2	2	2	2	3	2	2	2	2	2	2	2	2	2	2	2	2	2	2	2	2	2	2	2	2	2	3	2	2	2	2	2	2	2	2	2	2	2	2	2	2	2	2	2	2	2	2	2	2	2	2	2	2	2	2	3	2	3	2	2	2	2	2	2	3	2	2	2	2	2	2	2	2	2	2	2	2	2	2	2	2
CCND3	2	2	2	2	2	2	2	2	2	2	2	2	3	2	2	2	2	2	2	2	2	2	2	2	2	2	2	2	2	2	2	2	2	2	3	2	2	2	2	2	2	2	2	2	2	2	2	2	2	2	2	2	2	2	2	2	2	2	2	2	2	2	2	3	2	3	2	2	2	2	2	2	3	2	2	2	2	2	2	2	2	2	2	2	2	2	2	2	2
CCNE1	2	2	2	2	2	2	2	2	2	2	2	2	3	2	2	2	2	2	2	2	2	2	2	2	2	2	2	2	2	2	2	2	2	2	3	2	2	2	2	2	2	2	2	2	2	2	2	2	2	2	2	2	2	2	2	2	2	2	2	2	2	2	2	3	2	3	2	2	2	2	2	2	3	2	2	2	2	2	2	2	2	2	2	2	2	2	2	2	2
CD274	2	3	3	3	2	2	3	3	3	3	2	3	3	3	3	2	3	3	3	3	4	3	2	3	2	2	2	2	3	3	3	3	3	2	3	3	3	3	3	3	3	2	2	3	3	3	3	3	3	3	4	2	2	4	2	3	2	3	3	3	2	3	2	3	2	3	3	2	3	3	2	2	3	3	3	3	3	3	3	3	3	2	3	4	3	2	3	3	3
CD44	3	3	3	2	3	3	3	2	3	3	3	3	3	3	3	3	3	3	3	3	2	2	3	2	3	3	3	3	3	2	3	2	2	3	3	3	3	2	3	2	2	2	3	2	3	3	3	2	2	2	2	3	2	3	3	3	3	2	2	3	3	3	2	3	3	3	2	3	3	3	3	3	3	3	3	3	3	3	3	3	3	2	2	3	3	3	3	3	3
CDC25C	3	3	3	3	3	3	3	3	3	3	3	3	3	3	3	3	3	3	3	3	3	3	3	3	3	3	3	3	3	3	3	3	3	3	3	3	3	3	3	3	3	3	3	3	3	3	3	3	3	3	3	3	3	3	3	3	3	3	3	3	3	3	3	3	3	3	3	3	3	3	3	3	3	3	3	3	3	3	3	3	3	3	3	3	3	3	3	3	3
CDH1	2	3	2	2	2	2	3	2	2	3	2	2	2	2	2	2	2	2	2	2	2	2	2	2	2	2	2	2	2	2	2	2	2	2	3	3	3	2	3	2	2	2	2	2	2	2	2	2	2	2	2	2	2	3	2	2	2	2	2	2	2	2	2	2	2	2	2	2	2	3	2	2	3	2	2	2	2	2	3	3	2	2	2	3	3	2	2	2	2
CDH2	3	3	3	3	3	3	3	3	2	3	3	3	3	3	3	3	2	3	2	3	3	3	3	3	3	3	3	2	2	3	2	2	3	3	3	3	3	3	3	3	3	3	3	3	3	2	3	3	3	3	3	2	3	3	3	3	3	3	3	3	3	2	3	3	3	3	2	3	3	3	3	3	3	3	3	3	2	3	3	3	3	3	3	3	3	3	3	2	3
CDH3	3	3	3	3	3	3	3	3	2	3	3	3	3	3	3	3	2	3	2	3	3	3	3	3	3	3	3	2	2	3	2	2	3	3	3	3	3	3	3	3	3	3	3	3	3	2	3	3	3	3	3	2	3	4	3	3	3	3	3	3	3	2	3	3	3	3	2	3	3	3	3	3	3	3	3	3	2	3	3	3	3	3	3	4	3	3	3	2	3
CDK1	2	2	2	2	2	2	2	3	2	2	2	3	3	3	3	2	3	3	3	2	2	3	2	3	2	2	2	2	2	2	3	3	2	2	3	2	3	3	3	3	2	2	2	3	2	3	2	3	3	3	3	2	2	2	2	2	2	3	3	2	2	3	2	3	2	3	3	2	3	2	2	2	3	2	2	2	3	2	2	3	2	2	2	2	2	2	3	2	2
CDKN1A	2	2	2	2	2	2	2	2	2	2	2	2	2	2	2	2	2	2	2	2	2	2	2	2	2	2	2	2	2	2	2	2	2	2	2	2	2	2	2	2	2	2	2	2	2	2	2	2	2	2	2	2	2	3	2	2	2	2	2	2	2	2	2	2	2	2	2	2	2	2	2	2	2	2	2	2	2	2	2	2	2	2	2	3	2	2	2	2	2
CDKN1B	2	2	2	2	2	2	2	2	2	1	1	2	3	2	2	2	2	2	2	2	1	2	2	2	2	2	2	2	1	2	2	2	1	2	3	2	2	2	2	2	2	2	2	2	1	2	2	2	2	2	2	2	2	1	2	1	1	2	2	2	2	2	2	3	2	3	2	2	2	2	2	2	3	2	1	2	2	2	1	2	2	2	2	1	1	2	2	2	2
CDKN2A	3	3	3	3	2	3	3	3	3	3	3	3	3	3	3	2	3	3	3	3	3	3	2	3	2	2	3	2	3	3	3	3	3	3	3	3	3	3	3	3	3	2	2	3	3	3	3	3	3	3	3	3	3	3	2	3	2	3	3	3	3	3	3	3	2	3	3	3	3	3	3	3	3	3	3	3	3	3	3	3	3	2	3	3	3	2	3	3	3
CHEK1	2	2	2	3	3	3	3	2	2	3	3	2	2	2	2	3	2	2	2	3	3	3	3	2	3	2	3	2	2	3	2	2	3	2	3	3	2	2	2	2	3	3	3	3	2	2	2	2	3	2	3	2	3	3	2	3	3	3	3	3	3	2	3	2	2	2	2	3	2	3	2	3	3	2	2	2	2	3	3	2	3	3	3	3	2	3	2	2	2
CHEK2	2	3	3	3	3	2	3	3	3	3	2	3	3	3	3	2	3	3	3	3	3	3	3	3	3	3	2	3	3	3	3	3	3	2	3	3	3	3	3	3	3	3	3	3	3	3	3	3	3	3	3	2	2	4	3	3	3	3	3	3	2	3	2	3	3	3	3	2	3	3	2	2	3	3	3	3	3	3	3	3	3	3	3	4	3	3	3	3	3
CLDN7	100	100	100	100	100	100	100	100	100	100	100	100	100	100	100	100	100	100	100	100	100	100	100	100	100	100	100	100	100	100	100	100	100	100	100	100	100	100	100	100	100	100	100	100	100	100	100	100	100	100	100	100	100	100	100	100	100	100	100	100	100	100	100	100	100	100	100	100	100	100	100	100	100	100	100	100	100	100	100	100	100	100	100	100	100	100	100	100	100
COG3	100	100	100	100	100	100	100	100	100	100	100	100	100	100	100	100	100	100	100	100	100	100	100	100	100	100	100	100	100	100	100	100	100	100	100	100	100	100	100	100	100	100	100	100	100	100	100	100	100	100	100	100	100	100	100	100	100	100	100	100	100	100	100	100	100	100	100	100	100	100	100	100	100	100	100	100	100	100	100	100	100	100	100	100	100	100	100	100	100
COL6A1	100	100	100	100	100	100	100	100	100	100	100	100	100	100	100	100	100	100	100	100	100	100	100	100	100	100	100	100	100	100	100	100	100	100	100	100	100	100	100	100	100	100	100	100	100	100	100	100	100	100	100	100	100	100	100	100	100	100	100	100	100	100	100	100	100	100	100	100	100	100	100	100	100	100	100	100	100	100	100	100	100	100	100	100	100	100	100	100	100
COX4I1	3	3	2	3	3	2	3	3	3	3	3	4	4	3	3	3	3	3	3	2	3	3	3	3	3	3	3	3	3	2	3	3	3	3	3	3	4	3	4	3	3	3	2	3	4	3	3	3	3	3	3	3	3	4	3	2	3	3	3	2	3	3	3	3	3	4	3	3	3	3	3	3	3	2	3	3	3	2	3	3	2	3	2	4	4	3	3	2	2
CREB1	2	2	2	2	2	2	2	3	2	2	2	3	3	2	2	2	2	2	2	2	3	3	2	3	2	2	2	2	2	2	2	2	3	2	3	2	3	2	3	3	2	2	2	3	3	2	2	2	3	3	3	2	2	3	2	2	2	3	3	2	2	2	2	3	2	3	2	2	2	2	2	2	3	2	2	2	2	2	3	3	2	2	2	3	3	2	2	2	2
CTNNB1	2	2	2	2	2	2	2	2	2	2	2	3	3	2	2	2	2	2	2	2	3	2	2	2	2	2	2	2	2	2	2	2	2	2	2	2	3	2	3	3	2	2	2	2	3	2	2	2	2	3	3	2	2	3	2	2	2	2	2	2	2	2	2	2	2	3	2	2	2	2	2	2	2	2	2	2	2	2	2	2	2	2	2	3	3	2	2	2	2
DIABLO	100	100	100	100	100	100	100	100	100	100	100	100	100	100	100	100	100	100	100	100	100	100	100	100	100	100	100	100	100	100	100	100	100	100	100	100	100	100	100	100	100	100	100	100	100	100	100	100	100	100	100	100	100	100	100	100	100	100	100	100	100	100	100	100	100	100	100	100	100	100	100	100	100	100	100	100	100	100	100	100	100	100	100	100	100	100	100	100	100
DPP4	100	100	100	100	100	100	100	100	100	100	100	100	100	100	100	100	100	100	100	100	100	100	100	100	100	100	100	100	100	100	100	100	100	100	100	100	100	100	100	100	100	100	100	100	100	100	100	100	100	100	100	100	100	100	100	100	100	100	100	100	100	100	100	100	100	100	100	100	100	100	100	100	100	100	100	100	100	100	100	100	100	100	100	100	100	100	100	100	100
DUSP4	2	3	3	3	2	2	3	3	3	3	2	3	3	3	3	2	3	3	3	3	4	3	2	3	2	2	2	2	3	3	3	3	3	2	3	3	3	3	3	3	3	2	2	3	3	3	3	3	3	3	4	2	2	4	2	3	2	3	3	3	2	3	2	3	2	3	3	2	3	3	2	2	3	3	3	3	3	3	3	3	3	2	3	4	3	2	3	3	3
E2F1	2	2	2	2	2	2	2	2	2	2	2	2	3	2	2	3	2	2	2	2	2	2	3	3	3	2	3	2	2	2	2	2	2	3	3	2	2	2	2	2	2	3	2	3	2	2	2	2	3	2	2	2	2	2	2	2	2	2	3	2	2	2	3	3	3	3	2	3	2	2	2	3	3	2	2	2	2	2	2	2	2	2	2	2	2	3	2	2	2
EEF2	3	2	2	2	2	2	2	3	2	2	3	3	3	2	2	3	2	2	2	2	3	3	3	3	3	3	3	2	2	2	2	2	3	3	3	2	3	2	3	3	2	3	2	3	3	2	2	2	3	3	3	2	3	3	2	2	3	3	3	2	2	2	3	3	3	3	2	3	2	2	2	3	3	2	2	2	2	2	3	3	2	3	2	3	3	3	2	2	2
EEF2K	3	3	4	4	3	3	4	3	3	4	3	3	4	3	3	3	3	3	3	4	4	4	3	4	3	3	3	3	3	4	3	3	4	3	4	4	3	3	3	3	4	3	3	4	4	3	4	3	4	4	4	3	3	4	3	4	3	4	4	4	3	3	3	4	3	4	3	3	3	4	3	3	4	3	3	3	3	4	4	3	4	3	4	4	3	3	3	3	3
EGFR	2	2	2	2	2	2	2	2	2	2	2	2	3	2	2	2	2	2	2	2	3	2	2	2	2	2	2	2	2	2	2	2	2	2	2	2	2	2	2	2	2	2	2	2	3	2	2	2	2	3	3	2	2	3	2	2	2	2	2	2	2	2	2	2	2	3	2	2	2	2	2	2	2	2	2	2	2	2	2	2	2	2	2	3	2	2	2	2	2
EIF4E	2	2	2	3	3	3	3	2	2	3	3	2	2	2	2	3	2	2	2	3	3	3	3	2	3	2	3	2	2	3	2	2	3	2	3	3	2	2	2	2	3	3	3	3	2	2	2	2	3	2	3	2	3	3	2	3	3	3	3	3	3	2	3	2	2	2	2	3	2	3	2	3	3	2	2	2	2	3	3	2	3	3	3	3	2	3	2	2	2
EIF4EBP1	2	2	1	3	2	2	3	2	2	3	2	1	1	2	2	2	1	2	2	3	3	3	2	1	2	2	2	2	2	3	2	2	3	1	3	3	2	2	2	2	3	2	2	3	1	2	1	2	3	1	3	2	2	3	2	3	2	3	3	3	2	2	2	1	1	1	2	2	1	3	2	2	3	2	2	2	2	3	3	2	3	2	3	3	2	2	2	2	2
EIF4G1	3	3	3	4	4	4	4	3	3	4	4	3	3	3	3	4	3	3	3	4	4	4	4	3	4	3	4	3	3	4	3	3	4	3	4	4	3	3	3	3	4	4	4	4	3	3	3	3	4	3	4	3	4	4	3	4	4	4	4	4	4	3	4	3	3	3	3	4	3	4	3	4	4	3	3	3	3	4	4	3	4	4	4	4	3	4	3	3	3
ELK1	2	3	3	3	2	2	3	3	3	3	2	3	3	3	3	2	3	3	3	3	3	3	2	3	2	2	2	2	3	3	3	3	3	2	3	3	3	3	3	3	3	2	2	3	3	3	3	3	3	3	3	2	2	4	2	3	2	3	3	3	2	3	2	3	2	3	3	2	3	3	2	2	3	3	3	3	3	3	3	3	3	2	3	4	3	2	3	3	3
ENY2	100	100	100	100	100	100	100	100	100	100	100	100	100	100	100	100	100	100	100	100	100	100	100	100	100	100	100	100	100	100	100	100	100	100	100	100	100	100	100	100	100	100	100	100	100	100	100	100	100	100	100	100	100	100	100	100	100	100	100	100	100	100	100	100	100	100	100	100	100	100	100	100	100	100	100	100	100	100	100	100	100	100	100	100	100	100	100	100	100
EPPK1	100	100	100	100	100	100	100	100	100	100	100	100	100	100	100	100	100	100	100	100	100	100	100	100	100	100	100	100	100	100	100	100	100	100	100	100	100	100	100	100	100	100	100	100	100	100	100	100	100	100	100	100	100	100	100	100	100	100	100	100	100	100	100	100	100	100	100	100	100	100	100	100	100	100	100	100	100	100	100	100	100	100	100	100	100	100	100	100	100
ERBB2	2	3	2	3	2	2	3	2	2	2	2	3	3	2	2	2	2	2	2	2	2	2	2	2	2	2	2	2	2	2	2	2	2	2	2	2	3	2	3	3	2	2	2	2	2	2	3	2	2	3	3	2	2	2	2	2	2	2	2	2	2	2	2	2	2	3	2	2	2	3	2	2	2	2	2	2	2	2	2	2	2	2	2	2	2	2	2	2	2
ERBB3	3	3	3	3	3	3	3	3	2	3	3	3	3	2	2	3	2	2	2	3	3	3	3	3	3	3	3	2	2	3	2	2	3	3	3	3	3	2	3	3	3	3	3	3	3	2	3	2	3	3	3	2	3	3	2	3	3	3	3	3	3	2	3	3	3	3	2	3	2	3	2	3	3	3	2	2	2	3	3	3	3	3	3	3	3	3	2	2	2
ERCC1	100	100	100	100	100	100	100	100	100	100	100	100	100	100	100	100	100	100	100	100	100	100	100	100	100	100	100	100	100	100	100	100	100	100	100	100	100	100	100	100	100	100	100	100	100	100	100	100	100	100	100	100	100	100	100	100	100	100	100	100	100	100	100	100	100	100	100	100	100	100	100	100	100	100	100	100	100	100	100	100	100	100	100	100	100	100	100	100	100
ERCC4	100	100	100	100	100	100	100	100	100	100	100	100	100	100	100	100	100	100	100	100	100	100	100	100	100	100	100	100	100	100	100	100	100	100	100	100	100	100	100	100	100	100	100	100	100	100	100	100	100	100	100	100	100	100	100	100	100	100	100	100	100	100	100	100	100	100	100	100	100	100	100	100	100	100	100	100	100	100	100	100	100	100	100	100	100	100	100	100	100
ERCC5	4	4	4	4	4	4	4	4	4	4	4	4	4	4	4	4	4	4	4	4	4	4	4	4	4	4	4	4	4	4	4	4	4	4	4	4	4	4	4	4	4	4	4	4	4	4	4	4	4	4	4	4	4	4	4	4	4	4	4	4	4	4	4	4	4	4	4	4	4	4	4	4	4	4	4	4	4	4	4	4	4	4	4	4	4	4	4	4	4
ERRFI1	3	3	3	3	3	3	3	3	3	3	3	3	4	3	3	3	3	3	3	3	4	3	3	3	3	3	3	3	3	3	3	3	3	3	3	3	3	3	3	3	3	3	3	3	4	3	3	3	3	4	4	3	3	4	3	3	3	3	3	3	3	3	3	3	3	4	3	3	3	3	3	3	3	3	3	3	3	3	3	3	3	3	3	4	3	3	3	3	3
ESR1	2	2	2	2	2	2	2	2	2	2	2	2	2	2	2	2	2	2	2	2	2	2	2	2	2	2	2	2	2	2	2	2	2	2	3	2	2	2	2	2	2	2	2	2	2	2	2	2	2	2	2	2	2	2	2	2	2	2	2	2	2	2	2	2	2	2	2	2	2	2	2	2	3	2	2	2	2	2	2	2	2	2	2	2	2	2	2	2	2
ETS1	2	3	3	2	2	2	3	3	3	3	2	3	3	3	3	2	3	3	3	3	2	2	2	3	2	2	2	2	3	2	3	2	3	2	3	3	3	3	3	2	3	2	2	3	3	3	3	2	3	2	2	2	2	3	2	3	2	2	3	3	2	3	2	3	2	3	3	2	3	3	2	2	3	3	3	3	3	3	3	3	3	2	3	3	3	2	3	3	3
FASN	2	2	3	3	3	3	3	2	2	3	3	2	3	2	2	3	2	2	2	3	3	3	3	3	3	2	3	2	2	3	2	2	3	3	3	3	2	2	2	2	3	3	3	3	3	2	3	2	3	3	4	2	3	3	2	3	3	3	3	3	3	2	3	3	3	3	2	3	2	3	2	3	3	2	2	2	2	3	3	2	3	3	3	3	2	3	2	2	2
FGR	100	100	100	100	100	100	100	100	100	100	100	100	100	100	100	100	100	100	100	100	100	100	100	100	100	100	100	100	100	100	100	100	100	100	100	100	100	100	100	100	100	100	100	100	100	100	100	100	100	100	100	100	100	100	100	100	100	100	100	100	100	100	100	100	100	100	100	100	100	100	100	100	100	100	100	100	100	100	100	100	100	100	100	100	100	100	100	100	100
FN1	2	3	2	3	2	2	3	3	3	3	2	3	3	3	3	2	3	3	3	2	3	3	2	3	2	2	2	2	3	2	3	3	3	2	3	3	3	3	3	3	3	2	2	3	3	3	3	3	3	3	3	2	2	3	2	2	2	3	3	2	2	3	2	3	2	3	3	2	3	3	2	2	3	2	3	3	3	2	3	3	2	2	2	3	3	2	3	2	2
FOSL1	2	3	2	3	2	2	3	2	2	3	2	3	3	2	2	2	2	2	2	2	3	3	2	2	2	2	2	2	2	2	2	2	2	2	3	3	3	2	3	3	2	2	2	2	3	2	3	2	2	3	3	2	2	3	2	2	2	2	2	2	2	2	2	3	2	3	2	2	2	3	2	2	3	2	2	2	2	2	3	3	2	2	2	3	3	2	2	2	2
FOXM1	2	3	2	2	2	2	3	3	3	3	2	3	3	3	3	2	3	3	3	2	2	2	2	3	2	2	2	2	3	2	3	2	3	2	3	3	3	3	3	2	3	2	2	3	3	3	3	2	3	2	2	2	2	3	2	2	2	2	3	2	2	3	2	3	2	3	3	2	3	3	2	2	3	2	3	3	3	2	3	3	2	2	2	3	3	2	3	2	2
FOXO3	2	3	2	3	2	2	3	3	2	3	2	2	2	2	2	2	2	2	2	3	3	3	2	2	2	2	2	2	2	3	2	2	3	2	3	3	3	2	3	3	3	2	2	3	2	2	2	2	3	2	3	2	2	3	2	3	2	3	3	3	2	2	2	2	2	2	2	2	2	3	2	2	3	3	2	2	2	3	3	3	3	2	3	3	3	2	2	2	2
FYN	3	2	2	2	2	2	2	3	2	2	3	3	4	3	3	3	3	3	3	2	3	3	3	3	3	3	3	3	3	2	3	3	3	3	3	2	3	3	3	3	2	3	2	3	4	3	2	3	3	3	3	3	3	4	3	2	3	3	3	2	2	3	3	3	3	4	3	3	3	2	3	3	3	2	3	2	3	2	3	3	2	3	2	4	3	3	3	2	2
G6PD	100	100	100	100	100	100	100	100	100	100	100	100	100	100	100	100	100	100	100	100	100	100	100	100	100	100	100	100	100	100	100	100	100	100	100	100	100	100	100	100	100	100	100	100	100	100	100	100	100	100	100	100	100	100	100	100	100	100	100	100	100	100	100	100	100	100	100	100	100	100	100	100	100	100	100	100	100	100	100	100	100	100	100	100	100	100	100	100	100
GAB2	2	3	3	3	2	2	3	3	3	3	2	3	3	3	3	2	3	3	3	3	4	3	2	3	2	2	2	2	3	3	3	3	3	2	3	3	3	3	3	3	3	2	2	3	3	3	3	3	3	3	4	2	2	4	2	3	2	3	3	3	2	3	2	3	2	3	3	2	3	3	2	2	3	3	3	3	3	3	3	3	3	2	3	4	3	2	3	3	3
GAPDH	3	3	3	3	3	3	3	3	2	3	3	3	3	2	2	3	2	2	2	3	3	3	3	3	3	3	3	2	2	3	2	2	3	3	3	3	3	2	3	3	3	3	3	3	3	2	3	2	3	3	3	2	3	3	2	3	3	3	3	3	3	2	3	3	3	3	2	3	2	3	2	3	3	3	2	2	2	3	3	3	3	3	3	3	3	3	2	2	2
GATA3	3	3	3	3	3	3	3	3	2	3	3	3	3	2	2	3	2	2	2	3	3	3	3	3	3	3	3	2	2	3	2	2	3	3	3	3	3	2	3	3	3	3	3	3	3	2	3	2	3	3	3	2	3	3	2	3	3	3	3	3	3	2	3	3	3	3	2	3	2	3	2	3	3	3	2	2	2	3	3	3	3	3	3	3	3	3	2	2	2
GCLM	100	100	100	100	100	100	100	100	100	100	100	100	100	100	100	100	100	100	100	100	100	100	100	100	100	100	100	100	100	100	100	100	100	100	100	100	100	100	100	100	100	100	100	100	100	100	100	100	100	100	100	100	100	100	100	100	100	100	100	100	100	100	100	100	100	100	100	100	100	100	100	100	100	100	100	100	100	100	100	100	100	100	100	100	100	100	100	100	100
GJA1	2	3	3	3	2	2	3	3	3	3	2	3	3	3	3	2	3	3	3	3	3	3	2	3	2	2	2	2	3	3	3	3	3	2	3	3	3	3	3	3	3	2	2	3	3	3	3	3	3	3	3	2	2	4	2	3	2	3	3	3	2	3	2	3	2	3	3	2	3	3	2	2	3	3	3	3	3	3	3	3	3	2	3	4	3	2	3	3	3
GLS	3	3	3	3	3	3	3	3	3	3	3	3	4	3	3	3	3	3	3	3	3	3	3	3	3	3	3	3	3	3	3	3	3	3	3	3	3	3	3	3	3	3	3	3	3	3	3	3	3	3	3	3	3	3	3	3	3	3	3	3	3	3	3	3	3	4	3	3	3	3	3	3	3	3	3	3	3	3	3	3	3	3	3	3	3	3	3	3	3
GLUD1	100	100	100	100	100	100	100	100	100	100	100	100	100	100	100	100	100	100	100	100	100	100	100	100	100	100	100	100	100	100	100	100	100	100	100	100	100	100	100	100	100	100	100	100	100	100	100	100	100	100	100	100	100	100	100	100	100	100	100	100	100	100	100	100	100	100	100	100	100	100	100	100	100	100	100	100	100	100	100	100	100	100	100	100	100	100	100	100	100
GSK3A	2	1	1	1	1	1	1	2	1	1	2	2	3	2	2	2	2	2	2	1	3	3	2	3	2	2	2	2	2	1	2	2	3	2	3	1	2	2	2	2	1	2	1	3	3	2	1	2	3	3	4	2	2	3	2	1	2	3	3	1	1	2	2	3	2	3	2	2	2	1	2	2	3	1	2	1	2	1	3	2	1	2	1	3	2	2	2	1	1
GSK3B	2	1	1	1	1	1	1	2	1	1	2	2	3	2	2	2	2	2	2	1	3	3	2	3	2	2	2	2	2	1	2	2	3	2	3	1	2	2	2	2	1	2	1	3	3	2	1	2	3	3	3	2	2	3	2	1	2	3	3	1	1	2	2	3	2	3	2	2	2	1	2	2	3	1	2	1	2	1	3	2	1	2	1	3	2	2	2	1	1
GYS1	3	2	2	2	2	2	2	3	2	2	3	3	3	2	2	3	2	2	2	2	3	3	3	3	3	3	3	2	2	2	2	2	3	3	3	2	3	2	3	3	2	3	2	3	3	2	2	2	3	3	4	2	3	3	2	2	3	3	3	2	2	2	3	3	3	3	2	3	2	2	2	3	3	2	2	2	2	2	3	3	2	3	2	3	3	3	2	2	2
GZMB	3	3	3	3	3	3	4	3	3	4	3	3	4	3	3	3	3	3	3	3	3	3	3	4	3	3	3	3	3	3	3	3	4	3	3	3	3	3	3	3	4	3	3	4	4	3	4	3	3	3	3	3	3	4	3	3	3	3	4	3	3	3	3	3	3	4	3	3	3	4	3	3	3	3	3	3	3	3	3	3	3	3	3	4	3	3	3	3	3
H2AFX	2	3	3	3	2	2	3	3	2	3	2	3	3	2	2	2	2	2	2	3	3	3	2	3	2	2	2	2	2	3	2	2	3	2	3	3	3	2	3	3	3	2	2	3	3	2	3	2	3	3	3	2	2	3	2	3	2	3	3	3	2	2	2	3	2	3	2	2	2	3	2	2	3	3	2	2	2	3	3	3	3	2	3	3	3	2	2	2	2
H2BFM	2	3	3	3	2	2	3	3	2	3	2	3	3	2	2	2	2	2	2	3	3	3	2	3	2	2	2	2	2	3	2	2	3	2	3	3	3	2	3	3	3	2	2	3	3	2	3	2	3	3	3	2	2	3	2	3	2	3	3	3	2	2	2	3	2	3	2	2	2	3	2	2	3	3	2	2	2	3	3	3	3	2	3	3	3	2	2	2	2
H3F3A	100	100	100	100	100	100	100	100	100	100	100	100	100	100	100	100	100	100	100	100	100	100	100	100	100	100	100	100	100	100	100	100	100	100	100	100	100	100	100	100	100	100	100	100	100	100	100	100	100	100	100	100	100	100	100	100	100	100	100	100	100	100	100	100	100	100	100	100	100	100	100	100	100	100	100	100	100	100	100	100	100	100	100	100	100	100	100	100	100
H3F3B	100	100	100	100	100	100	100	100	100	100	100	100	100	100	100	100	100	100	100	100	100	100	100	100	100	100	100	100	100	100	100	100	100	100	100	100	100	100	100	100	100	100	100	100	100	100	100	100	100	100	100	100	100	100	100	100	100	100	100	100	100	100	100	100	100	100	100	100	100	100	100	100	100	100	100	100	100	100	100	100	100	100	100	100	100	100	100	100	100
H3F3C	2	3	3	3	2	2	3	3	2	3	2	3	3	2	2	2	2	2	2	3	3	3	2	3	2	2	2	2	2	3	2	2	3	2	3	3	3	2	3	3	3	2	2	3	3	2	3	2	3	3	3	2	2	3	2	3	2	3	3	3	2	2	2	3	2	3	2	2	2	3	2	2	3	3	2	2	2	3	3	3	3	2	3	3	3	2	2	2	2
HCK	3	3	3	3	3	3	3	3	3	3	3	3	3	3	3	3	3	3	3	3	3	3	3	3	3	3	3	3	3	3	3	3	3	3	4	3	3	3	3	3	3	3	3	3	3	3	3	3	3	3	3	3	3	3	3	3	3	3	3	3	3	3	3	3	3	3	3	3	3	3	3	3	4	3	3	3	3	3	3	3	3	3	3	3	3	3	3	3	3
HES1	100	100	100	100	100	100	100	100	100	100	100	100	100	100	100	100	100	100	100	100	100	100	100	100	100	100	100	100	100	100	100	100	100	100	100	100	100	100	100	100	100	100	100	100	100	100	100	100	100	100	100	100	100	100	100	100	100	100	100	100	100	100	100	100	100	100	100	100	100	100	100	100	100	100	100	100	100	100	100	100	100	100	100	100	100	100	100	100	100
HIF1A	2	2	2	2	2	2	2	2	2	2	2	2	3	2	2	2	2	2	2	2	2	2	2	2	2	2	2	2	2	2	2	2	2	2	3	2	2	2	2	2	2	2	2	2	3	2	2	2	2	2	2	2	2	3	2	2	2	2	2	2	2	2	2	3	2	3	2	2	2	2	2	2	3	2	2	2	2	2	3	2	2	2	2	3	2	2	2	2	2
HIST1H3A	100	100	100	100	100	100	100	100	100	100	100	100	100	100	100	100	100	100	100	100	100	100	100	100	100	100	100	100	100	100	100	100	100	100	100	100	100	100	100	100	100	100	100	100	100	100	100	100	100	100	100	100	100	100	100	100	100	100	100	100	100	100	100	100	100	100	100	100	100	100	100	100	100	100	100	100	100	100	100	100	100	100	100	100	100	100	100	100	100
HIST2H3A	100	100	100	100	100	100	100	100	100	100	100	100	100	100	100	100	100	100	100	100	100	100	100	100	100	100	100	100	100	100	100	100	100	100	100	100	100	100	100	100	100	100	100	100	100	100	100	100	100	100	100	100	100	100	100	100	100	100	100	100	100	100	100	100	100	100	100	100	100	100	100	100	100	100	100	100	100	100	100	100	100	100	100	100	100	100	100	100	100
HIST3H3	2	3	3	3	2	2	3	3	2	3	2	3	3	2	2	2	2	2	2	3	3	3	2	3	2	2	2	2	2	3	2	2	3	2	3	3	3	2	3	3	3	2	2	3	3	2	3	2	3	3	3	2	2	3	2	3	2	3	3	3	2	2	2	3	2	3	2	2	2	3	2	2	3	3	2	2	2	3	3	3	3	2	3	3	3	2	2	2	2
HK2	2	2	3	3	3	3	3	2	3	3	3	2	3	3	2	3	3	3	2	3	4	4	3	3	3	2	3	3	3	3	3	3	4	3	4	3	2	3	2	2	3	3	3	4	3	3	3	3	4	3	4	3	3	4	3	3	3	4	4	3	3	3	3	3	3	3	3	3	3	3	3	3	4	2	3	3	3	3	4	2	3	3	3	4	2	3	3	3	3
HSBP1	100	100	100	100	100	100	100	100	100	100	100	100	100	100	100	100	100	100	100	100	100	100	100	100	100	100	100	100	100	100	100	100	100	100	100	100	100	100	100	100	100	100	100	100	100	100	100	100	100	100	100	100	100	100	100	100	100	100	100	100	100	100	100	100	100	100	100	100	100	100	100	100	100	100	100	100	100	100	100	100	100	100	100	100	100	100	100	100	100
HSPA1A	3	2	2	2	2	2	2	3	2	2	3	3	3	3	3	3	3	3	3	2	3	3	3	3	3	3	3	3	3	2	3	3	3	3	3	2	3	3	3	3	2	3	2	3	3	3	2	3	3	3	3	3	3	4	3	2	3	3	3	2	2	3	3	3	3	3	3	3	3	2	3	3	3	2	3	2	3	2	3	3	2	3	2	4	3	3	3	2	2
HSPA5	3	3	2	3	3	2	3	3	2	3	3	3	3	2	2	3	2	2	2	2	3	3	3	3	3	3	3	2	2	2	2	2	3	3	3	3	3	2	3	3	3	3	2	3	3	2	3	2	3	3	3	2	3	3	2	2	3	3	3	2	3	2	3	3	3	3	2	3	2	3	2	3	3	2	2	2	2	2	3	3	2	3	2	3	3	3	2	2	2
HSPB1	3	3	3	3	3	3	3	2	2	3	3	3	3	2	2	3	2	2	2	3	3	2	2	2	3	3	3	2	2	3	2	2	2	3	2	2	3	2	3	3	2	2	3	2	3	2	3	2	2	3	3	2	3	3	2	3	3	2	2	2	3	2	2	2	3	3	2	2	2	3	2	3	2	3	2	2	2	3	2	2	3	3	2	3	3	3	2	2	2
IGF1R	2	2	2	3	2	2	3	2	3	3	2	2	3	3	2	2	3	3	2	2	3	3	2	3	2	2	2	2	3	2	3	3	3	2	3	3	2	3	2	2	3	2	2	3	3	3	3	3	3	3	3	2	2	3	2	2	2	3	3	2	2	3	2	3	2	3	3	2	3	3	2	2	3	2	3	3	3	2	3	2	2	2	2	3	2	2	3	2	2
IGFBP2	3	3	3	4	3	3	4	3	3	4	3	3	4	3	3	3	3	3	3	3	4	4	3	3	3	3	3	3	3	3	3	3	3	3	4	4	3	3	3	3	3	3	3	3	4	3	4	3	3	4	4	3	3	4	3	3	3	3	3	3	3	3	3	4	3	4	3	3	3	4	3	3	4	3	3	3	3	3	4	3	3	3	3	4	3	3	3	3	3
INPP4B	3	3	3	3	3	3	3	3	3	3	3	3	3	3	3	3	3	3	3	3	3	3	3	3	3	3	3	3	3	3	3	3	3	3	4	3	3	3	3	3	3	3	3	3	3	3	3	3	3	3	3	3	3	3	3	3	3	3	3	3	3	3	3	3	3	3	3	3	3	3	3	3	4	3	3	3	3	3	3	3	3	3	3	3	3	3	3	3	3
INSR	3	2	2	2	2	2	2	3	2	2	3	3	3	2	2	3	2	2	2	2	3	2	2	3	3	3	3	2	2	2	2	2	3	3	2	2	3	2	3	3	2	3	2	3	3	2	2	2	2	3	3	2	3	3	2	2	3	3	3	2	2	2	3	2	3	3	2	2	2	2	2	3	2	2	2	2	2	2	2	2	2	3	2	3	3	3	2	2	2
IRF1	3	3	3	3	3	3	3	3	3	3	3	3	4	3	3	3	3	3	3	3	4	3	3	3	3	3	3	3	3	3	3	3	3	3	3	3	3	3	3	3	3	3	3	3	4	3	3	3	3	4	4	3	3	4	3	3	3	3	3	3	3	3	3	3	3	4	3	3	3	3	3	3	3	3	3	3	3	3	3	3	3	3	3	4	3	3	3	3	3
IRS1	2	2	2	2	2	2	2	2	2	2	2	2	3	2	2	2	2	2	2	2	3	2	2	3	2	2	2	2	2	2	2	2	3	2	2	2	2	2	2	2	2	2	2	3	3	2	2	2	2	3	3	2	2	3	2	2	2	3	3	2	2	2	2	2	2	3	2	2	2	2	2	2	2	2	2	2	2	2	2	2	2	2	2	3	2	2	2	2	2
ITGA2	100	100	100	100	100	100	100	100	100	100	100	100	100	100	100	100	100	100	100	100	100	100	100	100	100	100	100	100	100	100	100	100	100	100	100	100	100	100	100	100	100	100	100	100	100	100	100	100	100	100	100	100	100	100	100	100	100	100	100	100	100	100	100	100	100	100	100	100	100	100	100	100	100	100	100	100	100	100	100	100	100	100	100	100	100	100	100	100	100
ITGB1	100	100	100	100	100	100	100	100	100	100	100	100	100	100	100	100	100	100	100	100	100	100	100	100	100	100	100	100	100	100	100	100	100	100	100	100	100	100	100	100	100	100	100	100	100	100	100	100	100	100	100	100	100	100	100	100	100	100	100	100	100	100	100	100	100	100	100	100	100	100	100	100	100	100	100	100	100	100	100	100	100	100	100	100	100	100	100	100	100
JAG1	3	3	3	3	3	3	3	3	3	3	3	3	4	3	3	3	3	3	3	3	3	3	3	3	3	3	3	3	3	3	3	3	3	3	3	3	3	3	3	3	3	3	3	3	4	3	3	3	3	3	3	3	3	4	3	3	3	3	3	3	3	3	3	3	3	4	3	3	3	3	3	3	3	3	3	3	3	3	3	3	3	3	3	4	3	3	3	3	3
JAK2	3	1	3	1	1	3	1	2	1	1	3	3	4	3	3	3	3	3	3	1	4	3	3	2	3	3	3	3	3	3	3	3	2	3	3	1	3	2	3	3	1	2	3	2	4	3	1	3	2	4	4	3	3	4	3	3	3	2	2	3	1	3	2	3	3	4	2	3	3	1	3	3	3	3	3	1	3	3	3	3	3	3	2	4	3	3	3	3	3
JUN	2	2	2	2	2	2	2	2	2	2	2	3	3	2	2	2	2	2	2	2	2	2	2	2	2	2	2	2	2	2	2	2	2	2	2	2	3	2	3	2	2	2	2	2	3	2	2	2	2	2	2	2	2	3	2	2	2	2	2	2	2	2	2	2	2	3	2	2	2	2	2	2	2	2	2	2	2	2	2	2	2	2	2	3	3	2	2	2	2
KAT2A	3	3	3	3	3	3	3	3	3	3	3	3	4	3	3	3	3	3	3	3	3	4	3	3	3	3	3	3	3	3	3	3	3	3	4	3	3	3	3	3	3	3	3	3	3	3	3	3	3	4	4	3	3	3	3	3	3	3	3	3	3	3	3	4	3	4	3	3	3	3	3	3	4	3	3	3	3	3	3	3	3	3	3	3	3	3	3	3	3
KDR	3	3	3	3	3	3	3	3	3	3	3	3	3	3	3	3	3	3	3	3	3	3	3	3	3	3	3	3	3	3	3	3	3	3	3	3	3	3	3	3	3	3	3	3	3	3	3	3	3	3	3	3	3	4	3	3	3	3	3	3	3	3	3	3	3	3	3	3	3	3	3	3	3	3	3	3	3	3	3	3	3	3	3	4	3	3	3	3	3
KIT	3	2	2	2	2	2	2	3	2	2	3	3	3	3	3	3	2	3	2	2	3	2	2	3	3	3	3	2	2	2	2	2	3	3	2	2	3	3	3	3	2	3	2	3	3	2	2	3	2	3	3	2	3	3	3	2	3	3	3	2	2	2	3	2	3	3	2	2	3	2	3	3	2	2	3	2	2	2	2	2	2	3	2	3	3	3	2	2	2
L1CAM	100	100	100	100	100	100	100	100	100	100	100	100	100	100	100	100	100	100	100	100	100	100	100	100	100	100	100	100	100	100	100	100	100	100	100	100	100	100	100	100	100	100	100	100	100	100	100	100	100	100	100	100	100	100	100	100	100	100	100	100	100	100	100	100	100	100	100	100	100	100	100	100	100	100	100	100	100	100	100	100	100	100	100	100	100	100	100	100	100
LCK	3	3	2	3	3	2	3	3	3	3	3	3	4	3	3	3	3	3	3	2	3	3	3	3	3	3	3	3	3	2	3	3	3	3	3	3	3	3	3	3	3	3	2	3	3	3	3	3	3	3	3	3	3	3	3	2	3	3	3	2	3	3	3	3	3	4	3	3	3	3	3	3	3	2	3	3	3	2	3	3	2	3	2	3	3	3	3	2	2
LDHA	100	100	100	100	100	100	100	100	100	100	100	100	100	100	100	100	100	100	100	100	100	100	100	100	100	100	100	100	100	100	100	100	100	100	100	100	100	100	100	100	100	100	100	100	100	100	100	100	100	100	100	100	100	100	100	100	100	100	100	100	100	100	100	100	100	100	100	100	100	100	100	100	100	100	100	100	100	100	100	100	100	100	100	100	100	100	100	100	100
LRP6	2	2	2	2	2	2	2	3	2	2	2	3	3	3	3	2	3	3	3	2	4	3	2	3	2	2	2	2	3	2	3	3	3	2	3	2	3	3	3	3	2	2	2	3	3	3	2	3	3	3	4	2	2	4	2	2	2	3	3	2	2	3	2	3	2	3	3	2	3	2	2	2	3	2	3	2	3	2	3	3	2	2	2	4	3	2	3	2	2
LYN	3	2	3	2	2	3	2	3	2	2	3	3	4	3	3	3	2	3	2	2	3	3	3	3	3	3	3	2	2	3	2	2	3	3	3	2	3	3	3	3	2	3	3	3	4	2	2	3	3	3	3	2	3	4	3	3	3	3	3	3	2	2	3	3	3	4	2	3	3	2	3	3	3	3	3	2	2	3	3	3	3	3	3	4	3	3	3	2	3
MAP1LC3A	100	100	100	100	100	100	100	100	100	100	100	100	100	100	100	100	100	100	100	100	100	100	100	100	100	100	100	100	100	100	100	100	100	100	100	100	100	100	100	100	100	100	100	100	100	100	100	100	100	100	100	100	100	100	100	100	100	100	100	100	100	100	100	100	100	100	100	100	100	100	100	100	100	100	100	100	100	100	100	100	100	100	100	100	100	100	100	100	100
MAP1LC3B	100	100	100	100	100	100	100	100	100	100	100	100	100	100	100	100	100	100	100	100	100	100	100	100	100	100	100	100	100	100	100	100	100	100	100	100	100	100	100	100	100	100	100	100	100	100	100	100	100	100	100	100	100	100	100	100	100	100	100	100	100	100	100	100	100	100	100	100	100	100	100	100	100	100	100	100	100	100	100	100	100	100	100	100	100	100	100	100	100
MAP2K1	1	3	3	3	2	1	3	3	2	3	1	3	3	2	2	1	2	2	2	3	3	3	2	3	2	2	1	2	2	3	2	2	3	1	3	3	3	2	3	3	3	2	2	3	3	2	3	2	3	3	3	1	1	3	2	3	2	3	3	3	1	2	1	3	2	3	2	1	2	3	1	1	3	3	2	2	2	3	3	3	3	2	3	3	3	2	2	2	2
MAP2K2	1	3	3	3	2	1	3	3	2	3	1	3	3	2	2	1	2	2	2	3	3	3	2	3	2	2	1	2	2	3	2	2	3	1	3	3	3	2	3	3	3	2	2	3	3	2	3	2	3	3	3	1	1	3	2	3	2	3	3	3	1	2	1	3	2	3	2	1	2	3	1	1	3	3	2	2	2	3	3	3	3	2	3	3	3	2	2	2	2
MAPK1	1	2	2	2	1	1	2	2	2	2	1	2	2	2	2	1	2	2	2	2	3	2	1	2	1	1	1	1	2	2	2	2	2	1	2	2	2	2	2	2	2	1	1	2	2	2	2	2	2	2	3	1	1	3	1	2	1	2	2	2	1	2	1	2	1	2	2	1	2	2	1	1	2	2	2	2	2	2	2	2	2	1	2	3	2	1	2	2	2
MAPK14	2	2	2	2	2	2	3	2	2	3	2	2	3	2	2	2	2	2	2	2	2	2	2	3	2	2	2	2	2	2	2	2	3	2	2	2	2	2	2	2	3	2	2	3	3	2	3	2	2	2	2	2	2	3	2	2	2	2	3	2	2	2	2	2	2	3	2	2	2	3	2	2	2	2	2	2	2	2	2	2	2	2	2	3	2	2	2	2	2
MAPK3	1	2	2	2	2	1	2	2	2	2	1	2	2	2	2	1	2	2	2	2	3	2	2	2	2	2	1	2	2	2	2	2	2	1	2	2	2	2	2	2	2	2	2	2	2	2	2	2	2	2	3	1	1	3	2	2	2	2	2	2	1	2	1	2	2	2	2	1	2	2	1	1	2	2	2	2	2	2	2	2	2	2	2	3	2	2	2	2	2
MAPK8	2	2	2	3	2	2	3	2	2	3	2	2	3	2	2	2	2	2	2	2	3	2	2	2	2	2	2	2	2	2	2	2	2	2	2	2	2	2	2	2	2	2	2	2	3	2	3	2	2	3	3	2	2	3	2	2	2	2	2	2	2	2	2	2	2	3	2	2	2	3	2	2	2	2	2	2	2	2	2	2	2	2	2	3	2	2	2	2	2
MAPK9	2	2	2	2	2	2	2	2	2	2	2	2	3	2	2	2	2	2	2	2	3	2	2	2	2	2	2	2	2	2	2	2	2	2	2	2	2	2	2	2	2	2	2	2	3	2	2	2	2	3	3	2	2	3	2	2	2	2	2	2	2	2	2	2	2	3	2	2	2	2	2	2	2	2	2	2	2	2	2	2	2	2	2	3	2	2	2	2	2
MAPT	3	2	2	2	2	2	2	3	2	2	3	3	4	3	3	3	3	3	3	2	3	3	3	3	3	3	3	3	3	2	3	3	3	3	3	2	3	3	3	3	2	3	2	3	3	3	2	3	3	3	3	3	3	3	3	2	3	3	3	2	2	3	3	3	3	4	3	3	3	2	3	3	3	2	3	2	3	2	3	3	2	3	2	3	3	3	3	2	2
MCL1	2	2	2	2	2	2	2	2	2	2	2	3	3	2	2	2	2	2	2	2	3	3	2	2	2	2	2	2	2	2	2	2	2	2	3	2	3	2	3	3	2	2	2	2	3	2	2	2	2	3	3	2	2	3	2	2	2	2	2	2	2	2	2	3	2	3	2	2	2	2	2	2	3	2	2	2	2	2	3	3	2	2	2	3	3	2	2	2	2
MDM2	3	2	1	2	2	2	2	3	2	2	3	1	1	2	2	3	1	2	2	2	2	2	3	1	3	3	3	2	2	2	2	2	3	1	3	2	3	2	3	2	2	3	2	3	1	2	1	2	3	1	2	2	2	3	2	2	3	2	3	2	2	2	3	1	1	1	2	3	1	2	2	3	3	2	2	2	2	2	3	3	2	2	2	3	3	3	2	2	2
MET	2	3	2	3	2	2	3	2	2	3	2	3	3	2	2	2	2	2	2	2	3	3	2	2	2	2	2	2	2	2	2	2	2	2	3	3	3	2	3	3	2	2	2	2	3	2	3	2	2	3	3	2	2	3	2	2	2	2	2	2	2	2	2	3	2	3	2	2	2	3	2	2	3	2	2	2	2	2	3	3	2	2	2	3	3	2	2	2	2
MIF	3	3	3	3	3	3	3	3	3	3	3	3	3	3	3	3	3	3	3	3	3	3	3	3	3	3	3	3	3	3	3	3	3	3	3	3	3	3	3	3	3	3	3	3	3	3	3	3	3	3	3	3	3	4	3	3	3	3	3	3	3	3	3	3	3	3	3	3	3	3	3	3	3	3	3	3	3	3	3	3	3	3	3	4	3	3	3	3	3
MKNK1	3	3	3	3	3	3	4	3	3	4	3	3	4	3	3	3	3	3	3	3	3	3	3	4	3	3	3	3	3	3	3	3	4	3	3	3	3	3	3	3	4	3	3	4	4	3	4	3	3	3	3	3	3	4	3	3	3	3	4	3	3	3	3	3	3	4	3	3	3	4	3	3	3	3	3	3	3	3	3	3	3	3	3	4	3	3	3	3	3
MMP2	2	3	2	3	2	2	3	2	2	3	2	3	3	2	2	2	2	2	2	2	3	3	2	2	2	2	2	2	2	2	2	2	2	2	3	3	3	2	3	3	2	2	2	2	3	2	3	2	2	3	3	2	2	3	2	2	2	2	2	2	2	2	2	3	2	3	2	2	2	3	2	2	3	2	2	2	2	2	3	3	2	2	2	3	3	2	2	2	2
MSH6	3	3	3	3	3	3	3	3	3	3	3	3	3	3	3	3	3	3	3	3	3	3	3	3	3	3	3	3	3	3	3	3	3	3	4	3	3	3	3	3	3	3	3	3	3	3	3	3	3	3	3	3	3	3	3	3	3	3	3	3	3	3	3	3	3	3	3	3	3	3	3	3	4	3	3	3	3	3	3	3	3	3	3	3	3	3	3	3	3
MSI2	100	100	100	100	100	100	100	100	100	100	100	100	100	100	100	100	100	100	100	100	100	100	100	100	100	100	100	100	100	100	100	100	100	100	100	100	100	100	100	100	100	100	100	100	100	100	100	100	100	100	100	100	100	100	100	100	100	100	100	100	100	100	100	100	100	100	100	100	100	100	100	100	100	100	100	100	100	100	100	100	100	100	100	100	100	100	100	100	100
MTOR	1	1	2	2	2	2	2	1	2	2	2	1	2	2	1	2	2	2	1	2	3	3	2	2	2	1	2	2	2	2	2	2	3	2	3	2	1	2	1	1	2	2	2	3	2	2	2	2	3	2	3	2	2	3	2	2	2	3	3	2	2	2	2	2	2	2	2	2	2	2	2	2	3	1	2	2	2	2	3	1	2	2	2	3	1	2	2	2	2
MUC1	3	3	2	3	3	2	3	2	3	3	3	3	3	3	3	3	3	3	3	2	3	3	3	2	3	3	3	3	3	2	3	3	2	3	3	3	3	2	3	3	2	2	2	2	3	3	3	3	2	3	3	3	3	3	3	2	3	2	2	2	3	3	2	3	3	3	2	3	3	3	3	3	3	2	3	3	3	2	3	3	2	3	2	3	3	3	3	2	2
MYC	2	2	2	2	2	2	2	2	2	2	2	2	3	2	2	2	2	2	2	2	2	3	2	2	2	2	2	2	2	2	2	2	2	2	3	2	2	2	2	2	2	2	2	2	2	2	2	2	2	3	3	2	2	2	2	2	2	2	2	2	2	2	2	3	2	3	2	2	2	2	2	2	3	2	2	2	2	2	2	2	2	2	2	2	2	2	2	2	2
MYH11	100	100	100	100	100	100	100	100	100	100	100	100	100	100	100	100	100	100	100	100	100	100	100	100	100	100	100	100	100	100	100	100	100	100	100	100	100	100	100	100	100	100	100	100	100	100	100	100	100	100	100	100	100	100	100	100	100	100	100	100	100	100	100	100	100	100	100	100	100	100	100	100	100	100	100	100	100	100	100	100	100	100	100	100	100	100	100	100	100
MYH9	100	100	100	100	100	100	100	100	100	100	100	100	100	100	100	100	100	100	100	100	100	100	100	100	100	100	100	100	100	100	100	100	100	100	100	100	100	100	100	100	100	100	100	100	100	100	100	100	100	100	100	100	100	100	100	100	100	100	100	100	100	100	100	100	100	100	100	100	100	100	100	100	100	100	100	100	100	100	100	100	100	100	100	100	100	100	100	100	100
MYT1	100	100	100	100	100	100	100	100	100	100	100	100	100	100	100	100	100	100	100	100	100	100	100	100	100	100	100	100	100	100	100	100	100	100	100	100	100	100	100	100	100	100	100	100	100	100	100	100	100	100	100	100	100	100	100	100	100	100	100	100	100	100	100	100	100	100	100	100	100	100	100	100	100	100	100	100	100	100	100	100	100	100	100	100	100	100	100	100	100
NAPSA	100	100	100	100	100	100	100	100	100	100	100	100	100	100	100	100	100	100	100	100	100	100	100	100	100	100	100	100	100	100	100	100	100	100	100	100	100	100	100	100	100	100	100	100	100	100	100	100	100	100	100	100	100	100	100	100	100	100	100	100	100	100	100	100	100	100	100	100	100	100	100	100	100	100	100	100	100	100	100	100	100	100	100	100	100	100	100	100	100
NDRG1	3	3	3	3	3	3	3	3	3	3	3	3	3	3	3	3	3	3	3	3	3	3	3	3	3	3	3	3	3	3	3	3	3	3	3	3	3	3	3	3	3	3	3	3	3	3	3	3	3	3	3	3	3	3	3	3	3	3	3	3	3	3	3	3	3	3	3	3	3	3	3	3	3	3	3	3	3	3	3	3	3	3	3	3	3	3	3	3	3
NDUFB4	100	100	100	100	100	100	100	100	100	100	100	100	100	100	100	100	100	100	100	100	100	100	100	100	100	100	100	100	100	100	100	100	100	100	100	100	100	100	100	100	100	100	100	100	100	100	100	100	100	100	100	100	100	100	100	100	100	100	100	100	100	100	100	100	100	100	100	100	100	100	100	100	100	100	100	100	100	100	100	100	100	100	100	100	100	100	100	100	100
NF2	3	3	3	3	3	3	3	3	2	3	3	3	3	2	2	3	2	2	2	3	3	3	3	3	3	3	3	2	2	3	2	2	3	3	3	3	3	2	3	3	3	3	3	3	3	2	3	2	3	3	4	2	3	3	2	3	3	3	3	3	3	2	3	3	3	3	2	3	2	3	2	3	3	3	2	2	2	3	3	3	3	3	3	3	3	3	2	2	2
NKX2-1	100	100	100	100	100	100	100	100	100	100	100	100	100	100	100	100	100	100	100	100	100	100	100	100	100	100	100	100	100	100	100	100	100	100	100	100	100	100	100	100	100	100	100	100	100	100	100	100	100	100	100	100	100	100	100	100	100	100	100	100	100	100	100	100	100	100	100	100	100	100	100	100	100	100	100	100	100	100	100	100	100	100	100	100	100	100	100	100	100
NOTCH1	2	2	2	2	2	2	2	2	2	2	2	2	3	2	2	2	2	2	2	2	3	3	2	3	2	2	2	2	2	2	2	2	3	2	3	2	2	2	2	2	2	2	2	3	3	2	2	2	3	3	3	2	2	3	2	2	2	3	3	2	2	2	2	3	2	3	2	2	2	2	2	2	3	2	2	2	2	2	3	2	2	2	2	3	2	2	2	2	2
NOTCH3	2	2	2	2	2	2	2	2	2	2	2	2	3	2	2	2	2	2	2	2	3	3	2	3	2	2	2	2	2	2	2	2	3	2	3	2	2	2	2	2	2	2	2	3	3	2	2	2	3	3	3	2	2	3	2	2	2	3	3	2	2	2	2	3	2	3	2	2	2	2	2	2	3	2	2	2	2	2	3	2	2	2	2	3	2	2	2	2	2
NRAS	2	3	2	3	2	2	3	3	2	3	2	3	3	2	2	2	2	2	2	2	3	3	2	3	2	2	2	2	2	2	2	2	3	2	3	3	3	2	3	3	3	2	2	3	3	2	3	2	3	3	3	2	2	3	2	2	2	3	3	2	2	2	2	3	2	3	2	2	2	3	2	2	3	2	2	2	2	2	3	3	2	2	2	3	3	2	2	2	2
NRG1	3	3	3	3	3	3	3	3	2	3	3	3	3	3	3	3	2	3	2	3	4	3	3	3	3	3	3	2	2	3	2	2	3	3	3	3	3	3	3	3	3	3	3	3	3	2	3	3	3	3	4	2	3	4	3	3	3	3	3	3	3	2	3	3	3	3	2	3	3	3	3	3	3	3	3	3	2	3	3	3	3	3	3	4	3	3	3	2	3
PAICS	100	100	100	100	100	100	100	100	100	100	100	100	100	100	100	100	100	100	100	100	100	100	100	100	100	100	100	100	100	100	100	100	100	100	100	100	100	100	100	100	100	100	100	100	100	100	100	100	100	100	100	100	100	100	100	100	100	100	100	100	100	100	100	100	100	100	100	100	100	100	100	100	100	100	100	100	100	100	100	100	100	100	100	100	100	100	100	100	100
PAK1	2	3	3	3	2	2	3	3	2	3	2	3	3	3	3	2	2	3	2	3	3	3	2	3	2	2	2	2	2	3	2	2	3	2	3	3	3	3	3	3	3	2	2	3	3	2	3	3	3	3	3	2	2	4	2	3	2	3	3	3	2	2	2	3	2	3	2	2	3	3	2	2	3	3	3	3	2	3	3	3	3	2	3	4	3	2	3	2	3
PAK4	3	3	3	3	2	3	3	3	3	3	3	3	3	3	3	2	3	3	3	3	3	3	2	3	2	2	3	2	3	3	3	3	3	3	3	3	3	3	3	3	3	2	2	3	3	3	3	3	3	3	3	3	3	4	2	3	2	3	3	3	3	3	3	3	2	3	3	3	3	3	3	3	3	3	3	3	3	3	3	3	3	2	3	4	3	2	3	3	3
PARD3	100	100	100	100	100	100	100	100	100	100	100	100	100	100	100	100	100	100	100	100	100	100	100	100	100	100	100	100	100	100	100	100	100	100	100	100	100	100	100	100	100	100	100	100	100	100	100	100	100	100	100	100	100	100	100	100	100	100	100	100	100	100	100	100	100	100	100	100	100	100	100	100	100	100	100	100	100	100	100	100	100	100	100	100	100	100	100	100	100
PARD3B	100	100	100	100	100	100	100	100	100	100	100	100	100	100	100	100	100	100	100	100	100	100	100	100	100	100	100	100	100	100	100	100	100	100	100	100	100	100	100	100	100	100	100	100	100	100	100	100	100	100	100	100	100	100	100	100	100	100	100	100	100	100	100	100	100	100	100	100	100	100	100	100	100	100	100	100	100	100	100	100	100	100	100	100	100	100	100	100	100
PARD6A	100	100	100	100	100	100	100	100	100	100	100	100	100	100	100	100	100	100	100	100	100	100	100	100	100	100	100	100	100	100	100	100	100	100	100	100	100	100	100	100	100	100	100	100	100	100	100	100	100	100	100	100	100	100	100	100	100	100	100	100	100	100	100	100	100	100	100	100	100	100	100	100	100	100	100	100	100	100	100	100	100	100	100	100	100	100	100	100	100
PARD6B	100	100	100	100	100	100	100	100	100	100	100	100	100	100	100	100	100	100	100	100	100	100	100	100	100	100	100	100	100	100	100	100	100	100	100	100	100	100	100	100	100	100	100	100	100	100	100	100	100	100	100	100	100	100	100	100	100	100	100	100	100	100	100	100	100	100	100	100	100	100	100	100	100	100	100	100	100	100	100	100	100	100	100	100	100	100	100	100	100
PARD6G	100	100	100	100	100	100	100	100	100	100	100	100	100	100	100	100	100	100	100	100	100	100	100	100	100	100	100	100	100	100	100	100	100	100	100	100	100	100	100	100	100	100	100	100	100	100	100	100	100	100	100	100	100	100	100	100	100	100	100	100	100	100	100	100	100	100	100	100	100	100	100	100	100	100	100	100	100	100	100	100	100	100	100	100	100	100	100	100	100
PARK7	3	3	3	3	3	3	3	3	2	3	3	3	3	2	2	3	2	2	2	3	3	3	3	3	3	3	3	2	2	3	2	2	3	3	3	3	3	2	3	3	3	3	3	3	3	2	3	2	3	3	4	2	3	3	2	3	3	3	3	3	3	2	3	3	3	3	2	3	2	3	2	3	3	3	2	2	2	3	3	3	3	3	3	3	3	3	2	2	2
PARP1	2	3	3	3	2	2	3	2	2	3	2	3	3	2	2	2	2	2	2	3	3	2	2	2	2	2	2	2	2	3	2	2	2	2	2	2	3	2	3	3	2	2	2	2	3	2	3	2	2	3	3	2	2	3	2	3	2	2	2	2	2	2	2	2	2	3	2	2	2	3	2	2	2	3	2	2	2	3	2	2	3	2	2	3	3	2	2	2	2
PAX8	100	100	100	100	100	100	100	100	100	100	100	100	100	100	100	100	100	100	100	100	100	100	100	100	100	100	100	100	100	100	100	100	100	100	100	100	100	100	100	100	100	100	100	100	100	100	100	100	100	100	100	100	100	100	100	100	100	100	100	100	100	100	100	100	100	100	100	100	100	100	100	100	100	100	100	100	100	100	100	100	100	100	100	100	100	100	100	100	100
PCNA	3	3	3	3	3	3	3	3	3	3	3	3	3	3	3	3	3	3	3	3	3	3	3	3	3	3	3	3	3	3	3	3	3	3	3	3	3	3	3	3	3	3	3	3	3	3	3	3	3	3	3	3	3	3	3	3	3	3	3	3	3	3	3	3	3	3	3	3	3	3	3	3	3	3	3	3	3	3	3	3	3	3	3	3	3	3	3	3	3
PDCD4	3	3	3	3	3	3	3	3	2	3	3	3	3	2	2	3	2	2	2	3	3	3	3	3	3	3	3	2	2	3	2	2	3	3	3	3	3	2	3	3	3	3	3	3	3	2	3	2	3	3	4	2	3	3	2	3	3	3	3	3	3	2	3	3	3	3	2	3	2	3	2	3	3	3	2	2	2	3	3	3	3	3	3	3	3	3	2	2	2
PDGFRB	100	100	100	100	100	100	100	100	100	100	100	100	100	100	100	100	100	100	100	100	100	100	100	100	100	100	100	100	100	100	100	100	100	100	100	100	100	100	100	100	100	100	100	100	100	100	100	100	100	100	100	100	100	100	100	100	100	100	100	100	100	100	100	100	100	100	100	100	100	100	100	100	100	100	100	100	100	100	100	100	100	100	100	100	100	100	100	100	100
PDK1	3	3	3	3	3	3	3	3	2	3	3	3	3	3	3	3	2	3	2	3	4	3	3	3	3	3	3	2	2	3	2	2	3	3	3	3	3	3	3	3	3	3	3	3	3	2	3	3	3	3	4	2	3	4	3	3	3	3	3	3	3	2	3	3	3	3	2	3	3	3	3	3	3	3	3	3	2	3	3	3	3	3	3	4	3	3	3	2	3
PDPK1	2	3	2	3	2	2	3	3	2	3	2	3	3	2	2	2	2	2	2	2	3	3	2	3	2	2	2	2	2	2	2	2	3	2	3	3	3	2	3	3	3	2	2	3	3	2	3	2	3	3	3	2	2	3	2	2	2	3	3	2	2	2	2	3	2	3	2	2	2	3	2	2	3	2	2	2	2	2	3	3	2	2	2	3	3	2	2	2	2
PEA15	2	3	3	3	3	2	3	3	3	3	2	3	3	3	3	2	3	3	3	3	4	3	3	3	3	3	2	3	3	3	3	3	3	2	3	3	3	3	3	3	3	3	3	3	3	3	3	3	3	3	4	2	2	4	3	3	3	3	3	3	2	3	2	3	3	3	3	2	3	3	2	2	3	3	3	3	3	3	3	3	3	3	3	4	3	3	3	3	3
PECAM1	4	3	3	3	3	3	3	4	3	3	4	4	5	4	4	4	4	4	4	3	4	4	4	4	4	4	4	4	4	3	4	4	4	4	4	3	4	4	4	4	3	4	3	4	5	4	3	4	4	4	4	4	4	5	4	3	4	4	4	3	3	4	4	4	4	5	4	4	4	3	4	4	4	3	4	3	4	3	4	4	3	4	3	5	4	4	4	3	3
PGR	3	3	3	2	3	3	3	2	3	3	3	3	3	3	3	3	3	3	3	3	2	2	3	2	3	3	3	3	3	2	3	2	2	3	3	3	3	2	3	2	2	2	3	2	3	3	3	2	2	2	2	3	2	3	3	3	3	2	2	3	3	3	2	3	3	3	2	3	3	3	3	3	3	3	3	3	3	3	3	3	3	2	2	3	3	3	3	3	3
PIK3CA	2	2	2	2	2	2	2	2	1	2	2	2	2	2	2	2	1	2	1	2	3	2	2	2	2	2	2	1	1	2	1	1	2	2	2	2	2	2	2	2	2	2	2	2	2	1	2	2	2	2	3	1	2	3	2	2	2	2	2	2	2	1	2	2	2	2	1	2	2	2	2	2	2	2	2	2	1	2	2	2	2	2	2	3	2	2	2	1	2
PIK3CB	2	2	2	2	2	2	2	2	1	2	2	2	3	2	2	2	1	2	1	2	3	2	2	2	2	2	2	1	1	2	1	1	2	2	2	2	2	2	2	2	2	2	2	2	3	1	2	2	2	3	3	1	2	3	2	2	2	2	2	2	2	1	2	2	2	3	1	2	2	2	2	2	2	2	2	2	1	2	2	2	2	2	2	3	2	2	2	1	2
PIK3R1	2	2	2	2	2	2	2	2	1	2	2	2	2	2	2	2	1	2	1	2	3	2	2	2	2	2	2	1	1	2	1	1	2	2	2	2	2	2	2	2	2	2	2	2	2	1	2	2	2	2	3	1	2	3	2	2	2	2	2	2	2	1	2	2	2	2	1	2	2	2	2	2	2	2	2	2	1	2	2	2	2	2	2	3	2	2	2	1	2
PKM	3	3	3	3	3	3	3	2	3	3	3	3	4	3	3	3	3	3	3	3	3	3	3	2	3	3	3	3	3	3	3	3	2	3	3	3	3	2	3	3	2	2	3	2	3	3	3	3	2	4	4	3	3	3	3	3	3	2	2	3	3	3	2	3	3	4	2	3	3	3	3	3	3	3	3	3	3	3	3	3	3	3	2	3	3	3	3	3	3
PLCG2	100	100	100	100	100	100	100	100	100	100	100	100	100	100	100	100	100	100	100	100	100	100	100	100	100	100	100	100	100	100	100	100	100	100	100	100	100	100	100	100	100	100	100	100	100	100	100	100	100	100	100	100	100	100	100	100	100	100	100	100	100	100	100	100	100	100	100	100	100	100	100	100	100	100	100	100	100	100	100	100	100	100	100	100	100	100	100	100	100
PLK1	3	3	3	3	3	3	3	3	3	3	3	3	3	3	3	3	3	3	3	3	3	3	3	3	3	3	3	3	3	3	3	3	3	3	3	3	3	3	3	3	3	3	3	3	3	3	3	3	3	3	3	3	3	3	3	3	3	3	3	3	3	3	3	3	3	3	3	3	3	3	3	3	3	3	3	3	3	3	3	3	3	3	3	3	3	3	3	3	3
PMS2	3	2	2	2	2	2	2	3	2	2	3	3	4	3	3	3	3	3	3	2	4	4	3	4	3	3	3	3	3	2	3	3	4	3	4	2	3	3	3	3	2	3	2	4	4	3	2	3	4	4	4	3	3	4	3	2	3	4	4	2	2	3	3	4	3	4	3	3	3	2	3	3	4	2	3	2	3	2	4	3	2	3	2	4	3	3	3	2	2
POU5F1	3	3	3	3	3	3	3	3	3	3	3	3	3	3	3	3	3	3	3	3	3	3	3	3	3	3	3	3	3	3	3	3	3	3	3	3	3	3	3	3	3	3	3	3	3	3	3	3	3	3	3	3	3	4	3	3	3	3	3	3	3	3	3	3	3	3	3	3	3	3	3	3	3	3	3	3	3	3	3	3	3	3	3	4	3	3	3	3	3
PPIF	3	3	3	3	3	3	3	3	3	3	3	3	3	3	3	3	3	3	3	3	3	3	3	3	3	3	3	3	3	3	3	3	3	3	3	3	3	3	3	3	3	3	3	3	3	3	3	3	3	3	3	3	3	4	3	3	3	3	3	3	3	3	3	3	3	3	3	3	3	3	3	3	3	3	3	3	3	3	3	3	3	3	3	4	3	3	3	3	3
PREX1	100	100	100	100	100	100	100	100	100	100	100	100	100	100	100	100	100	100	100	100	100	100	100	100	100	100	100	100	100	100	100	100	100	100	100	100	100	100	100	100	100	100	100	100	100	100	100	100	100	100	100	100	100	100	100	100	100	100	100	100	100	100	100	100	100	100	100	100	100	100	100	100	100	100	100	100	100	100	100	100	100	100	100	100	100	100	100	100	100
PRKAA1	2	2	3	3	2	2	3	2	2	3	2	2	3	2	2	2	2	2	2	3	3	3	2	3	2	2	2	2	2	3	2	2	3	2	3	3	2	2	2	2	3	2	2	3	3	2	3	2	3	3	3	2	2	3	2	3	2	3	3	3	2	2	2	3	2	3	2	2	2	3	2	2	3	2	2	2	2	3	3	2	3	2	3	3	2	2	2	2	2
PRKAA2	2	2	3	3	2	2	3	2	2	3	2	2	3	2	2	2	2	2	2	3	3	3	2	3	2	2	2	2	2	3	2	2	3	2	3	3	2	2	2	2	3	2	2	3	3	2	3	2	3	3	3	2	2	3	2	3	2	3	3	3	2	2	2	3	2	3	2	2	2	3	2	2	3	2	2	2	2	3	3	2	3	2	3	3	2	2	2	2	2
PRKAR1A	100	100	100	100	100	100	100	100	100	100	100	100	100	100	100	100	100	100	100	100	100	100	100	100	100	100	100	100	100	100	100	100	100	100	100	100	100	100	100	100	100	100	100	100	100	100	100	100	100	100	100	100	100	100	100	100	100	100	100	100	100	100	100	100	100	100	100	100	100	100	100	100	100	100	100	100	100	100	100	100	100	100	100	100	100	100	100	100	100
PRKCA	2	2	3	3	2	2	3	2	3	3	2	2	3	3	2	2	3	3	2	3	3	1	1	3	2	2	2	2	3	3	3	3	3	2	1	1	2	3	2	2	3	2	2	3	3	1	3	3	1	3	3	2	2	4	2	3	2	3	3	1	2	3	2	1	2	3	3	1	3	3	2	2	1	2	3	3	3	3	1	1	3	2	3	4	2	2	1	3	3
PRKCB	100	100	100	100	100	100	100	100	100	100	100	100	100	100	100	100	100	100	100	100	100	100	100	100	100	100	100	100	100	100	100	100	100	100	100	100	100	100	100	100	100	100	100	100	100	100	100	100	100	100	100	100	100	100	100	100	100	100	100	100	100	100	100	100	100	100	100	100	100	100	100	100	100	100	100	100	100	100	100	100	100	100	100	100	100	100	100	100	100
PRKCD	3	3	2	3	3	2	3	3	3	3	3	3	3	3	3	3	3	3	3	2	3	1	1	3	3	3	3	3	3	2	3	3	3	3	1	1	3	3	3	3	3	3	2	3	3	1	3	3	1	3	3	3	3	4	3	2	3	3	3	1	3	3	3	1	3	3	3	1	3	3	3	3	1	2	3	3	3	2	1	1	2	3	2	4	3	3	1	2	2
PRKCE	3	3	3	3	3	3	3	3	3	3	3	3	4	3	3	3	3	3	3	3	4	1	1	3	3	3	3	3	3	3	3	3	3	3	1	1	3	3	3	3	3	3	3	3	4	1	3	3	1	4	4	3	3	4	3	3	3	3	3	1	3	3	3	1	3	4	3	1	3	3	3	3	1	3	3	3	3	3	1	1	3	3	3	4	3	3	1	3	3
PRKCH	100	100	100	100	100	100	100	100	100	100	100	100	100	100	100	100	100	100	100	100	100	100	100	100	100	100	100	100	100	100	100	100	100	100	100	100	100	100	100	100	100	100	100	100	100	100	100	100	100	100	100	100	100	100	100	100	100	100	100	100	100	100	100	100	100	100	100	100	100	100	100	100	100	100	100	100	100	100	100	100	100	100	100	100	100	100	100	100	100
PRKCQ	3	3	3	3	3	3	3	3	3	3	3	3	4	3	3	3	3	3	3	3	4	1	1	4	3	3	3	3	3	3	3	3	4	3	1	1	3	3	3	3	3	3	3	4	4	1	3	3	1	4	4	3	3	4	3	3	3	4	4	1	3	3	3	1	3	4	3	1	3	3	3	3	1	3	3	3	3	3	1	1	3	3	3	4	3	3	1	3	3
PTEN	2	2	2	3	2	2	3	2	2	3	2	2	3	2	2	2	2	2	2	2	3	3	2	2	2	2	2	2	2	2	2	2	2	2	3	3	2	2	2	2	2	2	2	2	3	2	3	2	2	3	3	2	2	3	2	2	2	2	2	2	2	2	2	3	2	3	2	2	2	3	2	2	3	2	2	2	2	2	3	2	2	2	2	3	2	2	2	2	2
PTGS2	2	3	2	3	2	2	3	2	2	3	2	3	3	2	2	2	2	2	2	2	3	3	2	2	2	2	2	2	2	2	2	2	2	2	3	3	3	2	3	3	2	2	2	2	3	2	3	2	2	3	3	2	2	3	2	2	2	2	2	2	2	2	2	3	2	3	2	2	2	3	2	2	3	2	2	2	2	2	3	3	2	2	2	3	3	2	2	2	2
PTK2	2	3	2	2	2	2	3	2	2	3	2	3	3	2	2	2	2	2	2	2	2	2	2	2	2	2	2	2	2	2	2	2	2	2	3	3	3	2	3	2	2	2	2	2	3	2	3	2	2	2	2	2	2	3	2	2	2	2	2	2	2	2	2	3	2	3	2	2	2	3	2	2	3	2	2	2	2	2	3	3	2	2	2	3	3	2	2	2	2
PTPN11	2	3	2	3	2	2	3	2	3	3	2	3	3	3	3	2	3	3	3	2	3	3	2	2	2	2	2	2	3	2	3	3	2	2	3	3	3	2	3	3	2	2	2	2	3	3	3	3	2	3	3	2	2	4	2	2	2	2	2	2	2	3	2	3	2	3	2	2	3	3	2	2	3	2	3	3	3	2	3	3	2	2	2	4	3	2	3	2	2
PXN	2	3	2	3	3	2	3	3	2	3	2	3	3	3	3	2	2	3	2	2	3	3	3	3	3	3	2	2	2	2	2	2	3	2	3	3	3	3	3	3	3	3	2	3	3	2	3	3	3	3	3	2	2	4	3	2	3	3	3	2	2	2	2	3	3	3	2	2	3	3	2	2	3	2	3	3	2	2	3	3	2	3	2	4	3	3	3	2	2
RAB11A	100	100	100	100	100	100	100	100	100	100	100	100	100	100	100	100	100	100	100	100	100	100	100	100	100	100	100	100	100	100	100	100	100	100	100	100	100	100	100	100	100	100	100	100	100	100	100	100	100	100	100	100	100	100	100	100	100	100	100	100	100	100	100	100	100	100	100	100	100	100	100	100	100	100	100	100	100	100	100	100	100	100	100	100	100	100	100	100	100
RAB11B	100	100	100	100	100	100	100	100	100	100	100	100	100	100	100	100	100	100	100	100	100	100	100	100	100	100	100	100	100	100	100	100	100	100	100	100	100	100	100	100	100	100	100	100	100	100	100	100	100	100	100	100	100	100	100	100	100	100	100	100	100	100	100	100	100	100	100	100	100	100	100	100	100	100	100	100	100	100	100	100	100	100	100	100	100	100	100	100	100
RAB25	100	100	100	100	100	100	100	100	100	100	100	100	100	100	100	100	100	100	100	100	100	100	100	100	100	100	100	100	100	100	100	100	100	100	100	100	100	100	100	100	100	100	100	100	100	100	100	100	100	100	100	100	100	100	100	100	100	100	100	100	100	100	100	100	100	100	100	100	100	100	100	100	100	100	100	100	100	100	100	100	100	100	100	100	100	100	100	100	100
RAD50	4	4	4	4	4	4	4	4	3	4	4	4	4	3	3	4	3	3	3	4	4	4	4	4	4	4	4	3	3	4	3	3	4	4	4	4	4	3	4	4	4	4	4	4	4	3	4	3	4	4	4	3	4	4	3	4	4	4	4	4	4	3	4	4	4	4	3	4	3	4	3	4	4	4	3	3	3	4	4	4	4	4	4	4	4	4	3	3	3
RAD51	3	3	3	3	3	3	3	3	3	3	3	3	3	3	3	3	3	3	3	3	3	3	3	3	3	3	3	3	3	3	3	3	3	3	3	3	3	3	3	3	3	3	3	3	3	3	3	3	3	3	3	3	3	3	3	3	3	3	3	3	3	3	3	3	3	3	3	3	3	3	3	3	3	3	3	3	3	3	3	3	3	3	3	3	3	3	3	3	3
RAF1	2	2	2	2	2	2	2	3	2	2	2	3	3	2	2	2	2	2	2	2	3	2	2	3	2	2	2	2	2	2	2	2	3	2	2	2	3	2	3	3	2	2	2	3	3	2	2	2	2	3	3	2	2	3	2	2	2	3	3	2	2	2	2	2	2	3	2	2	2	2	2	2	2	2	2	2	2	2	2	2	2	2	2	3	3	2	2	2	2
RB1	2	2	2	1	3	3	3	2	3	2	2	2	2	3	2	3	2	3	2	3	1	1	3	2	3	2	3	3	2	1	3	1	2	2	3	3	2	2	2	1	2	2	3	2	2	3	2	1	2	1	1	3	1	2	3	2	2	1	2	3	3	3	2	2	2	2	2	3	2	3	3	3	3	2	2	3	3	3	2	2	3	1	2	2	2	3	3	3	3
RBM15	100	100	100	100	100	100	100	100	100	100	100	100	100	100	100	100	100	100	100	100	100	100	100	100	100	100	100	100	100	100	100	100	100	100	100	100	100	100	100	100	100	100	100	100	100	100	100	100	100	100	100	100	100	100	100	100	100	100	100	100	100	100	100	100	100	100	100	100	100	100	100	100	100	100	100	100	100	100	100	100	100	100	100	100	100	100	100	100	100
RELA	2	2	2	2	2	2	2	2	2	2	2	2	3	2	2	2	2	2	2	2	3	2	2	2	2	2	2	2	2	2	2	2	2	2	2	2	2	2	2	2	2	2	2	2	3	2	2	2	2	3	3	2	2	3	2	2	2	2	2	2	2	2	2	2	2	3	2	2	2	2	2	2	2	2	2	2	2	2	2	2	2	2	2	3	2	2	2	2	2
RHEB	2	2	3	3	3	3	3	2	3	3	3	2	3	3	2	3	3	3	2	3	4	4	3	3	3	2	3	3	3	3	3	3	4	3	4	3	2	3	2	2	3	3	3	4	3	3	3	3	4	3	4	3	3	4	3	3	3	4	4	3	3	3	3	3	3	3	3	3	3	3	3	3	4	2	3	3	3	3	4	2	3	3	3	4	2	3	3	3	3
RICTOR	2	2	2	3	2	2	3	2	2	3	2	2	2	2	2	2	2	2	2	2	3	3	2	2	2	2	2	2	2	2	2	2	3	2	3	3	2	2	2	2	3	2	2	3	2	2	2	2	3	2	3	2	2	3	2	2	2	3	3	2	2	2	2	2	2	2	2	2	2	3	2	2	3	2	2	2	2	2	3	2	2	2	2	3	2	2	2	2	2
ROCK1	3	4	3	4	3	3	4	4	3	4	3	4	4	3	3	3	3	3	3	3	4	4	3	4	3	3	3	3	3	3	3	3	4	3	4	4	4	3	4	4	4	3	3	4	4	3	4	3	4	4	4	3	3	4	3	3	3	4	4	3	3	3	3	4	3	4	3	3	3	4	3	3	4	3	3	3	3	3	4	4	3	3	3	4	4	3	3	3	3
RPA2	3	3	3	3	3	3	3	4	3	3	3	4	4	3	3	3	3	3	3	3	4	3	3	4	3	3	3	3	3	3	3	3	4	3	3	3	4	3	4	4	3	3	3	4	4	3	3	3	3	4	4	3	3	4	3	3	3	4	4	3	3	3	3	3	3	4	3	3	3	3	3	3	3	3	3	3	3	3	3	3	3	3	3	4	4	3	3	3	3
RPS6	1	1	2	3	2	2	3	1	2	3	2	1	2	2	1	2	2	2	1	3	3	2	2	2	2	1	2	2	2	3	2	2	3	2	2	2	1	2	1	1	3	2	2	3	2	2	2	2	2	2	4	2	2	3	2	3	2	3	3	2	2	2	2	2	2	2	2	2	2	3	2	2	2	1	2	2	2	3	2	1	3	2	3	3	1	2	2	2	2
RPS6KA1	2	3	3	3	2	2	3	3	3	3	2	3	3	3	3	2	3	3	3	3	3	3	2	3	2	2	2	2	3	3	3	3	3	2	3	3	3	3	3	3	3	2	2	3	3	3	3	3	3	3	3	2	2	4	2	3	2	3	3	3	2	3	2	3	2	3	3	2	3	3	2	2	3	3	3	3	3	3	3	3	3	2	3	4	3	2	3	3	3
RPS6KA2	2	3	3	3	2	2	3	3	3	3	2	3	3	3	3	2	3	3	3	3	3	3	2	3	2	2	2	2	3	3	3	3	3	2	3	3	3	3	3	3	3	2	2	3	3	3	3	3	3	3	3	2	2	4	2	3	2	3	3	3	2	3	2	3	2	3	3	2	3	3	2	2	3	3	3	3	3	3	3	3	3	2	3	4	3	2	3	3	3
RPS6KA3	2	3	3	3	2	2	3	3	3	3	2	3	3	3	3	2	3	3	3	3	3	3	2	3	2	2	2	2	3	3	3	3	3	2	3	3	3	3	3	3	3	2	2	3	3	3	3	3	3	3	3	2	2	4	2	3	2	3	3	3	2	3	2	3	2	3	3	2	3	3	2	2	3	3	3	3	3	3	3	3	3	2	3	4	3	2	3	3	3
RPS6KB1	2	2	2	3	2	2	3	2	2	3	2	2	2	2	2	2	2	2	2	3	3	3	2	2	2	2	2	2	2	3	2	2	3	2	3	3	2	2	2	2	3	2	2	3	2	2	2	2	3	2	3	2	2	3	2	3	2	3	3	3	2	2	2	2	2	2	2	2	2	3	2	2	3	2	2	2	2	3	3	2	3	2	3	3	2	2	2	2	2
RPTOR	2	2	2	3	2	2	3	2	2	3	2	2	2	2	2	2	2	2	2	2	3	3	2	2	2	2	2	2	2	2	2	2	3	2	3	3	2	2	2	2	3	2	2	3	2	2	2	2	3	2	3	2	2	3	2	2	2	3	3	2	2	2	2	2	2	2	2	2	2	3	2	2	3	2	2	2	2	2	3	2	2	2	2	3	2	2	2	2	2
SCD	3	3	3	3	3	3	3	3	3	3	3	3	3	3	3	3	3	3	3	3	3	3	3	3	3	3	3	3	3	3	3	3	3	3	3	3	3	3	3	3	3	3	3	3	3	3	3	3	3	3	3	3	3	3	3	3	3	3	3	3	3	3	3	3	3	3	3	3	3	3	3	3	3	3	3	3	3	3	3	3	3	3	3	3	3	3	3	3	3
SDHA	100	100	100	100	100	100	100	100	100	100	100	100	100	100	100	100	100	100	100	100	100	100	100	100	100	100	100	100	100	100	100	100	100	100	100	100	100	100	100	100	100	100	100	100	100	100	100	100	100	100	100	100	100	100	100	100	100	100	100	100	100	100	100	100	100	100	100	100	100	100	100	100	100	100	100	100	100	100	100	100	100	100	100	100	100	100	100	100	100
SERPINA2	3	4	4	4	3	3	4	4	3	4	3	4	4	3	3	3	3	3	3	4	4	4	3	4	3	3	3	3	3	4	3	3	4	3	4	4	4	3	4	4	4	3	3	4	4	3	4	3	4	4	4	3	3	4	3	4	3	4	4	4	3	3	3	4	3	4	3	3	3	4	3	3	4	4	3	3	3	4	4	4	4	3	4	4	4	3	3	3	3
SERPINE1	2	3	3	3	2	2	3	3	3	3	2	3	3	3	3	2	3	3	3	3	3	3	2	3	2	2	2	2	3	3	3	3	3	2	3	3	3	3	3	3	3	2	2	3	3	3	3	3	3	3	3	2	2	3	2	3	2	3	3	3	2	3	2	3	2	3	3	2	3	3	2	2	3	3	3	3	3	3	3	3	3	2	3	3	3	2	3	3	3
SHC1	2	3	2	3	2	2	3	3	3	3	2	3	3	3	3	2	3	3	3	2	3	3	2	3	2	2	2	2	3	2	3	3	3	2	3	3	3	3	3	3	3	2	2	3	3	3	3	3	3	3	3	2	2	3	2	2	2	3	3	2	2	3	2	3	2	3	3	2	3	3	2	2	3	2	3	3	3	2	3	3	2	2	2	3	3	2	3	2	2
SLC16A4	100	100	100	100	100	100	100	100	100	100	100	100	100	100	100	100	100	100	100	100	100	100	100	100	100	100	100	100	100	100	100	100	100	100	100	100	100	100	100	100	100	100	100	100	100	100	100	100	100	100	100	100	100	100	100	100	100	100	100	100	100	100	100	100	100	100	100	100	100	100	100	100	100	100	100	100	100	100	100	100	100	100	100	100	100	100	100	100	100
SLC1A5	100	100	100	100	100	100	100	100	100	100	100	100	100	100	100	100	100	100	100	100	100	100	100	100	100	100	100	100	100	100	100	100	100	100	100	100	100	100	100	100	100	100	100	100	100	100	100	100	100	100	100	100	100	100	100	100	100	100	100	100	100	100	100	100	100	100	100	100	100	100	100	100	100	100	100	100	100	100	100	100	100	100	100	100	100	100	100	100	100
SMAD1	2	2	2	2	2	2	2	2	2	2	2	3	3	3	3	2	3	3	3	2	3	3	2	2	2	2	2	2	3	2	3	3	2	2	3	2	3	2	3	3	2	2	2	2	3	3	2	3	2	3	3	2	2	4	2	2	2	2	2	2	2	3	2	3	2	3	2	2	3	2	2	2	3	2	3	2	3	2	3	3	2	2	2	4	3	2	3	2	2
SMAD3	2	2	2	2	2	2	2	3	2	2	2	3	3	2	2	2	2	2	2	2	2	2	2	3	2	2	2	2	2	2	2	2	3	2	3	2	3	2	3	2	2	2	2	3	3	2	2	2	3	2	2	2	2	3	2	2	2	2	3	2	2	2	2	3	2	3	2	2	2	2	2	2	3	2	2	2	2	2	3	3	2	2	2	3	3	2	2	2	2
SMAD4	2	2	2	2	2	2	2	3	2	2	2	3	3	3	3	2	3	3	3	2	3	3	2	3	2	2	2	2	3	2	3	3	3	2	3	2	3	3	3	3	2	2	2	3	3	3	2	3	3	3	3	2	2	4	2	2	2	3	3	2	2	3	2	3	2	3	3	2	3	2	2	2	3	2	3	2	3	2	3	3	2	2	2	4	3	2	3	2	2
SNAI1	2	2	2	2	2	2	2	2	2	2	2	3	3	2	2	2	2	2	2	2	3	3	2	2	2	2	2	2	2	2	2	2	2	2	3	2	3	2	3	3	2	2	2	2	3	2	2	2	2	3	3	2	2	3	2	2	2	2	2	2	2	2	2	3	2	3	2	2	2	2	2	2	3	2	2	2	2	2	3	3	2	2	2	3	3	2	2	2	2
SOD1	3	3	3	3	3	3	3	3	3	3	3	3	3	3	3	3	3	3	3	3	3	3	3	3	3	3	3	3	3	3	3	3	3	3	4	3	3	3	3	3	3	3	3	3	3	3	3	3	3	3	3	3	3	3	3	3	3	3	3	3	3	3	3	3	3	3	3	3	3	3	3	3	4	3	3	3	3	3	3	3	3	3	3	3	3	3	3	3	3
SOD2	100	100	100	100	100	100	100	100	100	100	100	100	100	100	100	100	100	100	100	100	100	100	100	100	100	100	100	100	100	100	100	100	100	100	100	100	100	100	100	100	100	100	100	100	100	100	100	100	100	100	100	100	100	100	100	100	100	100	100	100	100	100	100	100	100	100	100	100	100	100	100	100	100	100	100	100	100	100	100	100	100	100	100	100	100	100	100	100	100
SOX2	3	3	3	3	3	3	3	3	2	3	3	3	3	2	2	3	2	2	2	3	3	3	3	3	3	3	3	2	2	3	2	2	3	3	3	3	3	2	3	3	3	3	3	3	3	2	3	2	3	3	3	2	3	3	2	3	3	3	3	3	3	2	3	3	3	3	2	3	2	3	2	3	3	3	2	2	2	3	3	3	3	3	3	3	3	3	2	2	2
SRC	2	2	1	2	2	1	2	2	2	2	2	3	3	2	2	2	2	2	2	1	2	2	2	2	2	2	2	2	2	1	2	2	2	2	2	2	3	2	3	2	2	2	1	2	3	2	2	2	2	2	2	2	2	3	2	1	2	2	2	1	2	2	2	2	2	3	2	2	2	2	2	2	2	1	2	2	2	1	2	2	1	2	1	3	3	2	2	1	1
SRSF1	2	2	3	3	3	3	3	2	3	3	3	2	3	3	2	3	3	3	2	3	4	4	3	3	3	2	3	3	3	3	3	3	4	3	4	3	2	3	2	2	3	3	3	4	3	3	3	3	4	3	4	3	3	4	3	3	3	4	4	3	3	3	3	3	3	3	3	3	3	3	3	3	4	2	3	3	3	3	4	2	3	3	3	4	2	3	3	3	3
STAT3	2	2	2	2	2	2	2	1	2	2	2	2	3	2	2	2	2	2	2	2	3	2	2	1	2	2	2	2	2	2	2	2	1	2	2	2	2	1	2	2	1	1	2	1	3	2	2	2	1	3	3	2	2	3	2	2	2	1	1	2	2	2	1	2	2	3	1	2	2	2	2	2	2	2	2	2	2	2	2	2	2	2	1	3	2	2	2	2	2
STAT5A	2	2	2	2	2	2	2	2	2	2	2	3	3	3	3	2	3	3	3	2	3	3	2	2	2	2	2	2	3	2	3	3	2	2	3	2	3	2	3	3	2	2	2	2	3	3	2	3	2	3	3	2	2	4	2	2	2	2	2	2	2	3	2	3	2	3	2	2	3	2	2	2	3	2	3	2	3	2	3	3	2	2	2	4	3	2	3	2	2
STMN1	2	3	3	3	2	2	3	2	3	3	2	3	3	3	3	2	3	3	3	3	3	3	2	2	2	2	2	2	3	3	3	3	2	2	3	3	3	2	3	3	2	2	2	2	3	3	3	3	2	3	3	2	2	4	2	3	2	2	2	3	2	3	2	3	2	3	2	2	3	3	2	2	3	3	3	3	3	3	3	3	3	2	2	4	3	2	3	3	3
SYK	3	3	2	3	3	2	3	3	3	3	3	4	4	3	3	3	3	3	3	2	3	3	3	3	3	3	3	3	3	2	3	3	3	3	3	3	4	3	4	3	3	3	2	3	4	3	3	3	3	3	3	3	3	4	3	2	3	3	3	2	3	3	3	3	3	4	3	3	3	3	3	3	3	2	3	3	3	2	3	3	2	3	2	4	4	3	3	2	2
TFAM	2	3	3	3	2	2	3	2	3	3	2	3	3	3	3	2	3	3	3	3	3	3	2	2	2	2	2	2	3	3	3	3	2	2	3	3	3	2	3	3	2	2	2	2	3	3	3	3	2	3	3	2	2	3	2	3	2	2	2	3	2	3	2	3	2	3	2	2	3	3	2	2	3	3	3	3	3	3	3	3	3	2	2	3	3	2	3	3	3
TFRC	2	3	3	3	2	2	3	3	3	3	2	3	3	3	3	2	3	3	3	3	3	3	2	3	2	2	2	2	3	3	3	3	3	2	3	3	3	3	3	3	3	2	2	3	3	3	3	3	3	3	3	2	2	4	2	3	2	3	3	3	2	3	2	3	2	3	3	2	3	3	2	2	3	3	3	3	3	3	3	3	3	2	3	4	3	2	3	3	3
TGM2	3	3	3	3	3	3	3	3	3	3	3	3	3	3	3	3	3	3	3	3	3	3	3	3	3	3	3	3	3	3	3	3	3	3	3	3	3	3	3	3	3	3	3	3	3	3	3	3	3	3	3	3	3	3	3	3	3	3	3	3	3	3	3	3	3	3	3	3	3	3	3	3	3	3	3	3	3	3	3	3	3	3	3	3	3	3	3	3	3
TIGAR	3	3	3	3	3	3	3	3	3	3	3	3	3	3	3	3	3	3	3	3	3	3	3	3	3	3	3	3	3	3	3	3	3	3	3	3	3	3	3	3	3	3	3	3	3	3	3	3	3	3	3	3	3	4	3	3	3	3	3	3	3	3	3	3	3	3	3	3	3	3	3	3	3	3	3	3	3	3	3	3	3	3	3	4	3	3	3	3	3
TP53	2	2	2	2	2	2	2	2	2	2	2	2	2	2	2	2	2	2	2	2	2	2	2	2	2	2	2	2	2	2	2	2	2	2	2	2	2	2	2	2	2	2	2	2	2	2	2	2	2	2	2	2	2	3	2	2	2	2	2	2	2	2	2	2	2	2	2	2	2	2	2	2	2	2	2	2	2	2	2	2	2	2	2	3	2	2	2	2	2
TP53BP1	3	3	3	3	3	3	3	3	3	3	3	3	4	3	3	3	3	3	3	3	3	3	3	3	3	3	3	3	3	3	3	3	3	3	3	3	3	3	3	3	3	3	3	3	4	3	3	3	3	3	3	3	3	4	3	3	3	3	3	3	3	3	3	3	3	4	3	3	3	3	3	3	3	3	3	3	3	3	3	3	3	3	3	4	3	3	3	3	3
TRIM25	100	100	100	100	100	100	100	100	100	100	100	100	100	100	100	100	100	100	100	100	100	100	100	100	100	100	100	100	100	100	100	100	100	100	100	100	100	100	100	100	100	100	100	100	100	100	100	100	100	100	100	100	100	100	100	100	100	100	100	100	100	100	100	100	100	100	100	100	100	100	100	100	100	100	100	100	100	100	100	100	100	100	100	100	100	100	100	100	100
TSC1	2	2	3	3	3	3	3	2	2	3	3	2	3	2	2	3	2	2	2	3	3	3	3	3	3	2	3	2	2	3	2	2	3	3	3	3	2	2	2	2	3	3	3	3	3	2	3	2	3	3	4	2	3	3	2	3	3	3	3	3	3	2	3	3	3	3	2	3	2	3	2	3	3	2	2	2	2	3	3	2	3	3	3	3	2	3	2	2	2
TSC2	2	2	2	2	2	2	2	2	2	2	2	2	3	2	2	2	2	2	2	2	3	3	2	3	2	2	2	2	2	2	2	2	3	2	3	2	2	2	2	2	2	2	2	3	3	2	2	2	3	3	3	2	2	3	2	2	2	3	3	2	2	2	2	3	2	3	2	2	2	2	2	2	3	2	2	2	2	2	3	2	2	2	2	3	2	2	2	2	2
TUBA1A	3	3	3	3	3	3	3	3	3	3	3	3	4	3	3	3	3	3	3	3	3	3	3	3	3	3	3	3	3	3	3	3	3	3	4	3	3	3	3	3	3	3	3	3	4	3	3	3	3	3	3	3	3	4	3	3	3	3	3	3	3	3	3	4	3	4	3	3	3	3	3	3	4	3	3	3	3	3	4	3	3	3	3	4	3	3	3	3	3
TUFM	100	100	100	100	100	100	100	100	100	100	100	100	100	100	100	100	100	100	100	100	100	100	100	100	100	100	100	100	100	100	100	100	100	100	100	100	100	100	100	100	100	100	100	100	100	100	100	100	100	100	100	100	100	100	100	100	100	100	100	100	100	100	100	100	100	100	100	100	100	100	100	100	100	100	100	100	100	100	100	100	100	100	100	100	100	100	100	100	100
TWIST2	100	100	100	100	100	100	100	100	100	100	100	100	100	100	100	100	100	100	100	100	100	100	100	100	100	100	100	100	100	100	100	100	100	100	100	100	100	100	100	100	100	100	100	100	100	100	100	100	100	100	100	100	100	100	100	100	100	100	100	100	100	100	100	100	100	100	100	100	100	100	100	100	100	100	100	100	100	100	100	100	100	100	100	100	100	100	100	100	100
TYRO3	100	100	100	100	100	100	100	100	100	100	100	100	100	100	100	100	100	100	100	100	100	100	100	100	100	100	100	100	100	100	100	100	100	100	100	100	100	100	100	100	100	100	100	100	100	100	100	100	100	100	100	100	100	100	100	100	100	100	100	100	100	100	100	100	100	100	100	100	100	100	100	100	100	100	100	100	100	100	100	100	100	100	100	100	100	100	100	100	100
UBAC1	100	100	100	100	100	100	100	100	100	100	100	100	100	100	100	100	100	100	100	100	100	100	100	100	100	100	100	100	100	100	100	100	100	100	100	100	100	100	100	100	100	100	100	100	100	100	100	100	100	100	100	100	100	100	100	100	100	100	100	100	100	100	100	100	100	100	100	100	100	100	100	100	100	100	100	100	100	100	100	100	100	100	100	100	100	100	100	100	100
UGT1A1	100	100	100	100	100	100	100	100	100	100	100	100	100	100	100	100	100	100	100	100	100	100	100	100	100	100	100	100	100	100	100	100	100	100	100	100	100	100	100	100	100	100	100	100	100	100	100	100	100	100	100	100	100	100	100	100	100	100	100	100	100	100	100	100	100	100	100	100	100	100	100	100	100	100	100	100	100	100	100	100	100	100	100	100	100	100	100	100	100
ULK1	2	2	3	3	3	3	3	2	3	3	3	2	3	3	2	3	3	3	2	3	3	3	3	3	3	2	3	3	3	3	3	3	3	3	3	3	2	3	2	2	3	3	3	3	3	3	3	3	3	3	3	3	3	4	3	3	3	3	3	3	3	3	3	3	3	3	3	3	3	3	3	3	3	2	3	3	3	3	3	2	3	3	3	4	2	3	3	3	3
VASP	100	100	100	100	100	100	100	100	100	100	100	100	100	100	100	100	100	100	100	100	100	100	100	100	100	100	100	100	100	100	100	100	100	100	100	100	100	100	100	100	100	100	100	100	100	100	100	100	100	100	100	100	100	100	100	100	100	100	100	100	100	100	100	100	100	100	100	100	100	100	100	100	100	100	100	100	100	100	100	100	100	100	100	100	100	100	100	100	100
VCAM1	100	100	100	100	100	100	100	100	100	100	100	100	100	100	100	100	100	100	100	100	100	100	100	100	100	100	100	100	100	100	100	100	100	100	100	100	100	100	100	100	100	100	100	100	100	100	100	100	100	100	100	100	100	100	100	100	100	100	100	100	100	100	100	100	100	100	100	100	100	100	100	100	100	100	100	100	100	100	100	100	100	100	100	100	100	100	100	100	100
VDAC1	3	4	4	3	3	3	4	3	3	4	3	4	4	3	3	3	3	3	3	4	3	3	3	3	3	3	3	3	3	3	3	3	3	3	3	3	4	3	4	3	3	3	3	3	4	3	4	3	3	3	3	3	3	4	3	4	3	3	3	3	3	3	3	3	3	4	3	3	3	4	3	3	3	4	3	3	3	4	3	3	4	3	3	4	4	3	3	3	3
VIM	3	3	3	3	3	3	3	3	2	3	3	3	3	2	2	3	2	2	2	3	3	3	3	3	3	3	3	2	2	3	2	2	3	3	3	3	3	2	3	3	3	3	3	3	3	2	3	2	3	3	3	2	3	3	2	3	3	3	3	3	3	2	3	3	3	3	2	3	2	3	2	3	3	3	2	2	2	3	3	3	3	3	3	3	3	3	2	2	2
VTCN1	100	100	100	100	100	100	100	100	100	100	100	100	100	100	100	100	100	100	100	100	100	100	100	100	100	100	100	100	100	100	100	100	100	100	100	100	100	100	100	100	100	100	100	100	100	100	100	100	100	100	100	100	100	100	100	100	100	100	100	100	100	100	100	100	100	100	100	100	100	100	100	100	100	100	100	100	100	100	100	100	100	100	100	100	100	100	100	100	100
WEE1	3	3	3	4	4	4	4	3	3	4	4	3	3	3	3	4	3	3	3	4	4	4	4	3	4	3	4	3	3	4	3	3	4	3	4	4	3	3	3	3	4	4	4	4	3	3	3	3	4	3	4	3	4	4	3	4	4	4	4	4	4	3	4	3	3	3	3	4	3	4	3	4	4	3	3	3	3	4	4	3	4	4	4	4	3	4	3	3	3
WIPI1	100	100	100	100	100	100	100	100	100	100	100	100	100	100	100	100	100	100	100	100	100	100	100	100	100	100	100	100	100	100	100	100	100	100	100	100	100	100	100	100	100	100	100	100	100	100	100	100	100	100	100	100	100	100	100	100	100	100	100	100	100	100	100	100	100	100	100	100	100	100	100	100	100	100	100	100	100	100	100	100	100	100	100	100	100	100	100	100	100
WIPI2	100	100	100	100	100	100	100	100	100	100	100	100	100	100	100	100	100	100	100	100	100	100	100	100	100	100	100	100	100	100	100	100	100	100	100	100	100	100	100	100	100	100	100	100	100	100	100	100	100	100	100	100	100	100	100	100	100	100	100	100	100	100	100	100	100	100	100	100	100	100	100	100	100	100	100	100	100	100	100	100	100	100	100	100	100	100	100	100	100
WWTR1	100	100	100	100	100	100	100	100	100	100	100	100	100	100	100	100	100	100	100	100	100	100	100	100	100	100	100	100	100	100	100	100	100	100	100	100	100	100	100	100	100	100	100	100	100	100	100	100	100	100	100	100	100	100	100	100	100	100	100	100	100	100	100	100	100	100	100	100	100	100	100	100	100	100	100	100	100	100	100	100	100	100	100	100	100	100	100	100	100
XBP1	3	3	3	3	3	3	3	3	2	3	3	3	3	3	3	3	2	3	2	3	3	3	3	3	3	3	3	2	2	3	2	2	3	3	3	3	3	3	3	3	3	3	3	3	3	2	3	3	3	3	3	2	3	3	3	3	3	3	3	3	3	2	3	3	3	3	2	3	3	3	3	3	3	3	3	3	2	3	3	3	3	3	3	3	3	3	3	2	3
XPA	3	4	4	4	3	3	4	4	4	4	3	4	4	4	4	3	4	4	4	4	4	4	3	4	3	3	3	3	4	4	4	4	4	3	4	4	4	4	4	4	4	3	3	4	4	4	4	4	4	4	4	3	3	4	3	4	3	4	4	4	3	4	3	4	3	4	4	3	4	4	3	3	4	4	4	4	4	4	4	4	4	3	4	4	4	3	4	4	4
XRCC1	3	3	3	3	3	3	3	3	3	3	3	3	4	3	3	3	3	3	3	3	3	3	3	3	3	3	3	3	3	3	3	3	3	3	3	3	3	3	3	3	3	3	3	3	4	3	3	3	3	3	3	3	3	4	3	3	3	3	3	3	3	3	3	3	3	4	3	3	3	3	3	3	3	3	3	3	3	3	3	3	3	3	3	4	3	3	3	3	3
YAP1	3	3	2	3	3	2	3	3	3	3	3	3	4	3	3	3	3	3	3	2	3	3	3	3	3	3	3	3	3	2	3	3	3	3	3	3	3	3	3	3	3	3	2	3	4	3	3	3	3	3	3	3	3	4	3	2	3	3	3	2	3	3	3	3	3	4	3	3	3	3	3	3	3	2	3	3	3	2	3	3	2	3	2	4	3	3	3	2	2
YBX1	3	3	3	3	3	3	3	3	2	3	3	3	3	2	2	3	2	2	2	3	3	3	3	3	3	3	3	2	2	3	2	2	3	3	3	3	3	2	3	3	3	3	3	3	3	2	3	2	3	3	3	2	3	3	2	3	3	3	3	3	3	2	3	3	3	3	2	3	2	3	2	3	3	3	2	2	2	3	3	3	3	3	3	3	3	3	2	2	2
YES1	3	3	3	4	3	3	4	3	4	4	3	3	4	4	3	3	4	4	3	3	4	4	3	4	3	3	3	3	4	3	4	4	4	3	4	4	3	4	3	3	4	3	3	4	4	4	4	4	4	4	4	3	3	4	3	3	3	4	4	3	3	4	3	4	3	4	4	3	4	4	3	3	4	3	4	4	4	3	4	3	3	3	3	4	3	3	4	3	3
YWHAB	3	3	3	3	3	3	3	3	3	3	3	3	4	3	3	3	3	3	3	3	4	2	2	3	3	3	3	3	3	3	3	3	3	3	2	2	3	3	3	3	3	3	3	3	4	2	3	3	2	4	4	3	3	4	3	3	3	3	3	2	3	3	3	2	3	4	3	2	3	3	3	3	2	3	3	3	3	3	2	2	3	3	3	4	3	3	2	3	3
YWHAE	3	3	3	3	3	3	3	3	3	3	3	3	4	3	3	3	3	3	3	3	4	3	3	3	3	3	3	3	3	3	3	3	3	3	3	3	3	3	3	3	3	3	3	3	4	3	3	3	3	4	4	3	3	4	3	3	3	3	3	3	3	3	3	3	3	4	3	3	3	3	3	3	3	3	3	3	3	3	3	3	3	3	3	4	3	3	3	3	3
YWHAZ	3	3	3	3	3	3	3	3	2	3	3	3	3	2	2	3	2	2	2	3	3	3	3	3	3	3	3	2	2	3	2	2	3	3	3	3	3	2	3	3	3	3	3	3	3	2	3	2	3	3	4	2	3	3	2	3	3	3	3	3	3	2	3	3	3	3	2	3	2	3	2	3	3	3	2	2	2	3	3	3	3	3	3	3	3	3	2	2	2
ZAP70	4	4	3	4	4	3	4	4	4	4	4	4	5	4	4	4	4	4	4	3	4	4	4	4	4	4	4	4	4	3	4	4	4	4	4	4	4	4	4	4	4	4	3	4	4	4	4	4	4	4	4	4	4	4	4	3	4	4	4	3	4	4	4	4	4	5	4	4	4	4	4	4	4	3	4	4	4	3	4	4	3	4	3	4	4	4	4	3	3
