	901|1.5,Tm|0.3	P6|20,Tm|0.3	NT|3,SR|2.4	RY|2,P6|20	PLX|60,P6|20	901|1.5,SR|2.4	P6|20	ST|0.6,Tm|0.3	ZS|0.6,P6|20	P6|20,HN|6	901|1.5,HN|6	NT|3,Tm|0.3	NT|6	AK|10	AK|5,Tm|0.3	901|1.5,PLX|60	ZS|0.6,NT|3	AK|5	ZS|0.6,Tm|0.3	P6|20,SR|2.4	RY|2,HN|6	RY|2,RO|3.5	PLX|60,RO|3.5	ST|0.6,NT|3	PLX|60	PLX|60,Tm|0.3	901|1.5	ZS|0.6,PLX|60	ZS|0.6,HN|6	RY|2,SR|2.4	AK|5,ZS|0.6	RY|2,ZS|0.6	ST|0.6,HN|6	901|1.5,NT|3	RO|3.5	P6|20,RO|3.5	Tm|0.6	AK|5,ST|0.6	Tm|0.3	RY|2,Tm|0.3	P6|20,ST|0.6	PLX|60,ST|0.6	PLX|60,SR|2.4	ST|1.2	HN|6,NT|3	ZS|0.6,RO|3.5	P6|20,NT|3	RY|2,AK|5	ST|0.6,RO|3.5	RY|2,NT|3	RY|2	901|1.5,ZS|0.6	RY|2,901|1.5	HN|6	AK|5,PLX|60	HN|6,SR|2.4	PLX|60,HN|6	RY|2,ST|0.6	ST|0.6	SR|2.4,RO|3.5	901|1.5,P6|20	ZS|1.2	901|1.5,ST|0.6	NT|3,RO|3.5	PLX|60,NT|3	NT|3	ZS|0.6,ST|0.6	901|1.5,RO|3.5	AK|5,NT|3	P6|40	AK|5,901|1.5	901|3	RO|7	SR|2.4,Tm|0.3	AK|5,HN|6	AK|5,P6|20	ZS|0.6	SR|4.8	HN|6,RO|3.5	RO|3.5,Tm|0.3	SR|2.4	RY|2,PLX|60	ST|0.6,SR|2.4	HN|12	HN|6,Tm|0.3	PLX|120	AK|5,RO|3.5	ZS|0.6,SR|2.4	AK|5,SR|2.4
ABL1	3	3	2	2	3	2	3	3	3	3	3	4	100	4	4	3	4	4	4	2	2	2	2	3	3	3	3	3	4	2	4	2	3	3	2	2	4	3	4	2	3	3	2	3	100	2	3	2	2	2	2	3	2	100	3	2	3	2	3	2	3	4	3	2	3	100	3	2	4	3	3	3	2	2	4	3	4	2	2	2	2	2	2	100	4	3	2	2	2
ACACA	4	3	3	3	3	3	3	5	3	3	4	5	100	4	4	4	4	4	4	3	7	4	4	5	4	4	4	4	4	3	4	4	5	4	4	3	5	4	5	5	3	4	3	5	100	4	3	4	4	7	7	4	4	100	4	3	4	5	5	3	3	4	4	4	4	100	4	4	4	3	4	4	4	3	4	3	4	3	4	4	3	4	3	100	5	4	4	3	3
ACACB	4	3	3	3	3	3	3	5	3	3	4	5	100	4	4	4	4	4	4	3	7	4	4	5	4	4	4	4	4	3	4	4	5	4	4	3	5	4	5	5	3	4	3	5	100	4	3	4	4	7	7	4	4	100	4	3	4	5	5	3	3	4	4	4	4	100	4	4	4	3	4	4	4	3	4	3	4	3	4	4	3	4	3	100	5	4	4	3	3
ACTB	4	4	2	4	4	2	4	4	4	4	4	4	100	4	4	4	4	4	4	2	5	3	3	4	4	4	4	4	4	2	4	4	4	4	3	3	4	4	4	4	4	4	2	4	100	3	4	4	3	5	5	4	4	100	4	2	4	4	4	2	4	4	4	3	4	100	4	3	4	4	4	4	3	2	4	4	4	2	3	3	2	4	2	100	4	4	3	2	2
AGFG1	100	100	100	100	100	100	100	100	100	100	100	100	100	100	100	100	100	100	100	100	100	100	100	100	100	100	100	100	100	100	100	100	100	100	100	100	100	100	100	100	100	100	100	100	100	100	100	100	100	100	100	100	100	100	100	100	100	100	100	100	100	100	100	100	100	100	100	100	100	100	100	100	100	100	100	100	100	100	100	100	100	100	100	100	100	100	100	100	100
AIM1	100	100	100	100	100	100	100	100	100	100	100	100	100	100	100	100	100	100	100	100	100	100	100	100	100	100	100	100	100	100	100	100	100	100	100	100	100	100	100	100	100	100	100	100	100	100	100	100	100	100	100	100	100	100	100	100	100	100	100	100	100	100	100	100	100	100	100	100	100	100	100	100	100	100	100	100	100	100	100	100	100	100	100	100	100	100	100	100	100
AKT1	2	2	2	2	2	2	2	2	1	2	3	2	100	1	1	3	1	1	1	2	5	2	2	4	3	2	3	1	1	2	1	1	4	3	2	2	2	1	2	2	2	3	2	4	100	1	2	1	2	5	5	1	3	100	1	2	3	4	4	2	2	1	3	2	3	100	1	2	1	2	1	3	2	2	1	1	1	2	2	2	2	3	2	100	2	3	1	1	1
AKT1S1	2	2	3	3	3	3	3	2	2	3	4	2	100	2	2	4	2	2	2	3	6	3	3	5	4	2	4	2	2	3	2	2	5	4	3	3	2	2	2	2	3	4	3	5	100	2	3	2	3	6	6	2	4	100	2	3	4	5	5	3	3	2	4	3	4	100	2	3	2	3	2	4	3	2	2	2	2	3	3	2	3	4	3	100	2	4	2	2	2
AKT2	4	5	3	5	4	3	5	5	1	5	4	5	100	1	1	4	1	1	1	3	6	4	4	5	4	4	4	1	1	3	1	1	5	4	4	4	5	1	5	5	5	4	3	5	100	1	5	1	4	6	6	1	4	100	1	3	4	5	5	3	4	1	4	4	4	100	1	4	1	5	1	4	4	3	1	1	1	3	4	4	3	4	3	100	5	4	1	1	1
AKT3	4	5	3	5	4	3	5	5	1	5	4	5	100	1	1	4	1	1	1	3	6	4	4	5	4	4	4	1	1	3	1	1	5	4	4	4	5	1	5	5	5	4	3	5	100	1	5	1	4	6	6	1	4	100	1	3	4	5	5	3	4	1	4	4	4	100	1	4	1	5	1	4	4	3	1	1	1	3	4	4	3	4	3	100	5	4	1	1	1
AMH	100	100	100	100	100	100	100	100	100	100	100	100	100	100	100	100	100	100	100	100	100	100	100	100	100	100	100	100	100	100	100	100	100	100	100	100	100	100	100	100	100	100	100	100	100	100	100	100	100	100	100	100	100	100	100	100	100	100	100	100	100	100	100	100	100	100	100	100	100	100	100	100	100	100	100	100	100	100	100	100	100	100	100	100	100	100	100	100	100
ANXA1	3	4	2	3	3	2	4	4	3	4	3	4	100	3	3	3	3	3	3	2	3	2	2	4	3	3	3	3	3	2	3	3	4	3	2	2	4	3	4	3	4	3	2	4	100	2	4	3	2	3	3	3	3	100	3	2	3	3	4	2	3	3	3	2	3	100	3	2	3	4	3	3	2	2	3	3	3	2	2	2	2	3	2	100	4	3	2	2	2
ANXA7	4	4	2	4	4	2	4	4	4	4	4	4	100	4	4	4	4	4	4	2	5	3	3	4	4	4	4	4	4	2	4	4	4	4	3	3	4	4	4	4	4	4	2	4	100	3	4	4	3	5	5	4	4	100	4	2	4	4	4	2	4	4	4	3	4	100	4	3	4	4	4	4	3	2	4	4	4	2	3	3	2	4	2	100	4	4	3	2	2
AR	3	2	2	2	2	2	2	2	2	2	3	3	100	2	2	3	2	2	2	2	5	3	3	2	3	3	3	2	2	2	2	2	2	3	3	2	3	2	3	3	2	2	2	2	100	2	2	2	2	5	5	2	3	100	2	2	3	2	2	2	2	2	2	3	3	100	2	3	2	2	2	3	3	2	2	2	2	2	3	3	2	3	2	100	3	3	2	2	2
ARAF	4	4	2	4	4	2	4	4	4	4	4	4	100	4	4	4	4	4	4	2	5	3	3	4	4	4	4	4	4	2	4	4	4	4	3	3	4	4	4	4	4	4	2	4	100	3	4	4	3	5	5	4	4	100	4	2	4	4	4	2	4	4	4	3	4	100	4	3	4	4	4	4	3	2	4	4	4	2	3	3	2	4	2	100	4	4	3	2	2
ARID1A	100	100	100	100	100	100	100	100	100	100	100	100	100	100	100	100	100	100	100	100	100	100	100	100	100	100	100	100	100	100	100	100	100	100	100	100	100	100	100	100	100	100	100	100	100	100	100	100	100	100	100	100	100	100	100	100	100	100	100	100	100	100	100	100	100	100	100	100	100	100	100	100	100	100	100	100	100	100	100	100	100	100	100	100	100	100	100	100	100
ATG3	100	100	100	100	100	100	100	100	100	100	100	100	100	100	100	100	100	100	100	100	100	100	100	100	100	100	100	100	100	100	100	100	100	100	100	100	100	100	100	100	100	100	100	100	100	100	100	100	100	100	100	100	100	100	100	100	100	100	100	100	100	100	100	100	100	100	100	100	100	100	100	100	100	100	100	100	100	100	100	100	100	100	100	100	100	100	100	100	100
ATG7	100	100	100	100	100	100	100	100	100	100	100	100	100	100	100	100	100	100	100	100	100	100	100	100	100	100	100	100	100	100	100	100	100	100	100	100	100	100	100	100	100	100	100	100	100	100	100	100	100	100	100	100	100	100	100	100	100	100	100	100	100	100	100	100	100	100	100	100	100	100	100	100	100	100	100	100	100	100	100	100	100	100	100	100	100	100	100	100	100
ATM	3	4	3	4	3	3	4	4	3	4	3	4	100	3	3	3	3	3	3	3	4	3	3	5	3	3	3	3	3	3	3	3	5	3	3	3	4	3	4	4	4	3	3	5	100	3	4	3	3	4	4	3	3	100	3	3	3	4	5	3	3	3	3	3	3	100	3	3	3	4	3	3	3	3	3	3	3	3	3	3	3	3	3	100	4	3	3	3	3
ATR	4	4	3	3	4	3	4	4	4	4	4	5	100	4	4	4	4	4	4	3	3	3	3	4	4	4	4	4	4	3	4	3	4	4	3	3	5	4	5	3	4	4	3	4	100	3	4	3	3	3	3	4	3	100	4	3	4	3	4	3	4	4	4	3	4	100	4	3	4	4	4	4	3	3	4	4	4	3	3	3	3	3	3	100	5	4	3	3	3
ATRX	100	100	100	100	100	100	100	100	100	100	100	100	100	100	100	100	100	100	100	100	100	100	100	100	100	100	100	100	100	100	100	100	100	100	100	100	100	100	100	100	100	100	100	100	100	100	100	100	100	100	100	100	100	100	100	100	100	100	100	100	100	100	100	100	100	100	100	100	100	100	100	100	100	100	100	100	100	100	100	100	100	100	100	100	100	100	100	100	100
AURKB	4	4	4	4	4	4	4	4	3	4	4	4	100	3	3	4	3	3	3	4	5	4	4	6	4	4	4	3	3	4	3	3	6	4	4	4	4	3	4	4	4	4	4	6	100	3	4	3	4	5	5	3	4	100	3	4	4	5	6	4	4	3	4	4	4	100	3	4	3	4	3	4	4	4	3	3	3	4	4	4	4	4	4	100	4	4	3	3	3
AXL	100	100	100	100	100	100	100	100	100	100	100	100	100	100	100	100	100	100	100	100	100	100	100	100	100	100	100	100	100	100	100	100	100	100	100	100	100	100	100	100	100	100	100	100	100	100	100	100	100	100	100	100	100	100	100	100	100	100	100	100	100	100	100	100	100	100	100	100	100	100	100	100	100	100	100	100	100	100	100	100	100	100	100	100	100	100	100	100	100
BABAM1	3	3	3	3	3	3	3	3	2	3	4	3	100	2	2	4	2	2	2	3	6	3	3	5	4	3	4	2	2	3	2	2	5	4	3	3	3	2	3	3	3	4	3	5	100	2	3	2	3	6	6	2	4	100	2	3	4	5	5	3	3	2	4	3	4	100	2	3	2	3	2	4	3	3	2	2	2	3	3	3	3	4	3	100	3	4	2	2	2
BAD	2	3	3	3	2	2	3	3	2	3	2	3	100	2	2	2	2	2	2	3	5	2	2	4	2	2	2	2	2	3	2	2	4	2	2	2	3	2	3	3	3	2	2	4	100	2	3	2	2	5	5	2	2	100	2	3	2	4	4	2	2	2	2	2	2	100	2	2	2	3	2	2	2	3	2	2	2	3	2	2	3	2	3	100	3	2	2	2	2
BAK1	100	100	100	100	100	100	100	100	100	100	100	100	100	100	100	100	100	100	100	100	100	100	100	100	100	100	100	100	100	100	100	100	100	100	100	100	100	100	100	100	100	100	100	100	100	100	100	100	100	100	100	100	100	100	100	100	100	100	100	100	100	100	100	100	100	100	100	100	100	100	100	100	100	100	100	100	100	100	100	100	100	100	100	100	100	100	100	100	100
BAP1	100	100	100	100	100	100	100	100	100	100	100	100	100	100	100	100	100	100	100	100	100	100	100	100	100	100	100	100	100	100	100	100	100	100	100	100	100	100	100	100	100	100	100	100	100	100	100	100	100	100	100	100	100	100	100	100	100	100	100	100	100	100	100	100	100	100	100	100	100	100	100	100	100	100	100	100	100	100	100	100	100	100	100	100	100	100	100	100	100
BAX	3	2	2	2	2	2	2	4	2	2	3	4	100	3	3	3	3	3	3	2	6	3	3	4	3	3	3	3	3	2	3	3	4	3	3	2	4	3	4	4	2	3	2	4	100	3	2	3	3	6	6	3	3	100	3	2	3	4	4	2	2	3	3	3	3	100	3	3	3	2	3	3	3	2	3	2	3	2	3	3	2	3	2	100	4	3	3	2	2
BCL2	2	3	3	3	2	2	3	4	3	3	2	4	100	3	3	2	3	3	3	3	5	2	2	4	2	2	2	2	3	3	3	3	4	2	2	2	4	3	4	4	3	2	2	4	100	2	3	3	2	5	5	2	2	100	2	3	2	4	4	2	2	3	2	2	2	100	3	2	3	3	2	2	2	3	3	3	3	3	2	2	3	2	3	100	4	2	2	3	3
BCL2A1	100	100	100	100	100	100	100	100	100	100	100	100	100	100	100	100	100	100	100	100	100	100	100	100	100	100	100	100	100	100	100	100	100	100	100	100	100	100	100	100	100	100	100	100	100	100	100	100	100	100	100	100	100	100	100	100	100	100	100	100	100	100	100	100	100	100	100	100	100	100	100	100	100	100	100	100	100	100	100	100	100	100	100	100	100	100	100	100	100
BCL2L1	3	2	2	2	2	2	2	4	2	2	3	4	100	3	3	3	3	3	3	2	5	3	3	4	3	3	3	3	3	2	3	3	4	3	3	2	4	3	4	4	2	3	2	4	100	3	2	3	3	5	5	3	3	100	3	2	3	4	4	2	2	3	3	3	3	100	3	3	3	2	3	3	3	2	3	2	3	2	3	3	2	3	2	100	4	3	3	2	2
BCL2L11	2	3	3	3	2	2	3	3	2	3	2	3	100	2	2	2	2	2	2	3	5	3	2	5	2	2	2	2	2	3	2	2	5	2	3	3	3	2	3	3	3	2	2	5	100	2	3	2	3	5	5	2	2	100	2	3	2	5	5	3	2	2	2	3	2	100	2	2	2	3	2	2	3	3	2	2	2	3	3	3	3	2	3	100	3	2	2	2	2
BECN1	3	3	3	3	3	3	3	3	2	3	3	3	100	2	2	3	2	2	2	3	4	3	3	5	3	3	3	2	2	3	2	2	5	3	3	3	3	2	3	3	3	3	3	5	100	2	3	2	3	4	4	2	3	100	2	3	3	4	5	3	3	2	3	3	3	100	2	3	2	3	2	3	3	3	2	2	2	3	3	3	3	3	3	100	3	3	2	2	2
BID	4	5	4	5	4	4	5	5	4	5	4	5	100	4	4	4	4	4	4	4	5	4	4	6	4	4	4	4	4	4	4	4	6	4	4	4	5	4	5	5	5	4	4	6	100	4	5	4	4	5	5	4	4	100	4	4	4	5	6	4	4	4	4	4	4	100	4	4	4	5	4	4	4	4	4	4	4	4	4	4	4	4	4	100	5	4	4	4	4
BIRC3	100	100	100	100	100	100	100	100	100	100	100	100	100	100	100	100	100	100	100	100	100	100	100	100	100	100	100	100	100	100	100	100	100	100	100	100	100	100	100	100	100	100	100	100	100	100	100	100	100	100	100	100	100	100	100	100	100	100	100	100	100	100	100	100	100	100	100	100	100	100	100	100	100	100	100	100	100	100	100	100	100	100	100	100	100	100	100	100	100
BRAF	2	3	3	3	1	2	3	3	2	3	2	3	100	2	2	1	2	2	2	3	5	2	1	4	1	1	2	1	2	3	2	2	4	2	2	2	3	2	3	3	3	1	1	4	100	2	3	2	2	5	5	2	2	100	1	3	1	4	4	2	2	2	2	2	1	100	2	2	2	3	2	2	2	3	2	2	2	3	2	2	3	1	3	100	3	1	2	2	2
BRD4	100	100	100	100	100	100	100	100	100	100	100	100	100	100	100	100	100	100	100	100	100	100	100	100	100	100	100	100	100	100	100	100	100	100	100	100	100	100	100	100	100	100	100	100	100	100	100	100	100	100	100	100	100	100	100	100	100	100	100	100	100	100	100	100	100	100	100	100	100	100	100	100	100	100	100	100	100	100	100	100	100	100	100	100	100	100	100	100	100
C21orf33	100	100	100	100	100	100	100	100	100	100	100	100	100	100	100	100	100	100	100	100	100	100	100	100	100	100	100	100	100	100	100	100	100	100	100	100	100	100	100	100	100	100	100	100	100	100	100	100	100	100	100	100	100	100	100	100	100	100	100	100	100	100	100	100	100	100	100	100	100	100	100	100	100	100	100	100	100	100	100	100	100	100	100	100	100	100	100	100	100
CASP3	3	4	3	4	3	3	4	5	4	4	3	5	100	5	5	3	5	5	5	3	5	4	3	5	3	3	3	3	5	3	5	5	5	3	4	4	5	5	5	5	4	3	3	5	100	4	4	5	4	5	5	3	3	100	3	3	3	5	5	3	3	5	3	4	3	100	5	3	5	4	3	3	4	3	5	4	5	3	4	4	3	3	3	100	5	3	4	3	3
CASP7	3	4	3	4	3	3	4	5	4	4	3	5	100	5	5	3	5	5	5	3	6	4	3	5	3	3	3	3	5	3	5	5	5	3	4	4	5	5	5	5	4	3	3	5	100	4	4	5	4	6	6	3	3	100	3	3	3	5	5	3	3	5	3	4	3	100	5	3	5	4	3	3	4	3	5	4	5	3	4	4	3	3	3	100	5	3	4	3	3
CASP8	2	3	2	3	2	2	3	4	3	3	2	4	100	4	4	2	4	4	4	2	5	3	2	4	2	2	2	2	4	2	4	4	4	2	3	3	4	4	4	4	3	2	2	4	100	3	3	4	3	5	5	2	2	100	2	2	2	4	4	2	2	4	2	3	2	100	4	2	4	3	2	2	3	2	4	3	4	2	3	3	2	2	2	100	4	2	3	2	2
CAV1	3	3	2	3	3	2	3	3	3	3	3	3	100	3	3	3	3	3	3	2	3	3	3	4	3	3	3	3	3	2	3	3	4	3	3	3	3	3	3	3	3	3	2	4	100	3	3	3	3	3	3	3	3	100	3	2	3	3	4	2	3	3	3	3	3	100	3	3	3	3	3	3	3	2	3	3	3	2	3	3	2	3	2	100	3	3	3	2	2
CCNB1	2	3	3	3	2	2	3	5	3	3	2	5	100	4	4	2	4	4	4	3	5	4	2	5	2	2	2	2	4	3	4	4	5	2	4	3	5	4	5	5	3	2	2	5	100	4	3	4	4	5	5	2	2	100	2	3	2	5	5	3	2	4	2	4	2	100	4	2	4	3	2	2	4	3	4	3	4	3	4	4	3	2	3	100	5	2	4	3	3
CCND1	3	2	2	2	2	2	2	4	2	2	3	4	100	3	3	3	3	3	3	2	6	3	3	4	3	3	3	3	3	2	3	3	4	3	3	2	4	3	4	4	2	3	2	4	100	3	2	3	3	6	6	3	3	100	3	2	3	4	4	2	2	3	3	3	3	100	3	3	3	2	3	3	3	2	3	2	3	2	3	3	2	3	2	100	4	3	3	2	2
CCND3	3	2	2	2	2	2	2	4	2	2	3	4	100	3	3	3	3	3	3	2	6	3	3	4	3	3	3	3	3	2	3	3	4	3	3	2	4	3	4	4	2	3	2	4	100	3	2	3	3	6	6	3	3	100	3	2	3	4	4	2	2	3	3	3	3	100	3	3	3	2	3	3	3	2	3	2	3	2	3	3	2	3	2	100	4	3	3	2	2
CCNE1	3	2	2	2	2	2	2	4	2	2	3	4	100	3	3	3	3	3	3	2	6	3	3	4	3	3	3	3	3	2	3	3	4	3	3	2	4	3	4	4	2	3	2	4	100	3	2	3	3	6	6	3	3	100	3	2	3	4	4	2	2	3	3	3	3	100	3	3	3	2	3	3	3	2	3	2	3	2	3	3	2	3	2	100	4	3	3	2	2
CD274	100	100	100	100	100	100	100	100	100	100	100	100	100	100	100	100	100	100	100	100	100	100	100	100	100	100	100	100	100	100	100	100	100	100	100	100	100	100	100	100	100	100	100	100	100	100	100	100	100	100	100	100	100	100	100	100	100	100	100	100	100	100	100	100	100	100	100	100	100	100	100	100	100	100	100	100	100	100	100	100	100	100	100	100	100	100	100	100	100
CD44	5	5	4	5	5	4	5	6	5	5	5	6	100	5	5	5	5	5	5	4	7	2	2	6	5	5	5	5	5	4	5	5	6	5	2	2	6	5	6	6	5	5	4	6	100	2	5	5	2	7	7	5	5	100	5	4	5	6	6	2	5	5	5	2	5	100	5	2	5	5	5	5	2	4	5	5	5	4	2	2	4	5	4	100	6	5	2	4	4
CDC25C	2	3	3	3	2	2	3	4	3	3	2	4	100	3	3	2	3	3	3	3	5	3	2	5	2	2	2	2	3	3	3	3	5	2	3	3	4	3	4	4	3	2	2	5	100	3	3	3	3	5	5	2	2	100	2	3	2	5	5	3	2	3	2	3	2	100	3	2	3	3	2	2	3	3	3	3	3	3	3	3	3	2	3	100	4	2	3	3	3
CDH1	3	3	3	3	3	3	3	4	3	3	3	4	100	3	3	3	3	3	3	3	4	3	3	4	3	3	3	3	3	3	3	3	4	3	3	3	4	3	4	4	3	3	3	4	100	3	3	3	3	4	4	3	3	100	3	3	3	4	4	3	3	3	3	3	3	100	3	3	3	3	3	3	3	3	3	3	3	3	3	3	3	3	3	100	4	3	3	3	3
CDH2	4	4	2	4	4	2	4	4	4	4	4	4	100	4	4	4	4	4	4	2	5	3	3	4	4	4	4	4	4	2	4	4	4	4	3	3	4	4	4	4	4	4	2	4	100	3	4	4	3	5	5	4	4	100	4	2	4	4	4	2	4	4	4	3	4	100	4	3	4	4	4	4	3	2	4	4	4	2	3	3	2	4	2	100	4	4	3	2	2
CDH3	100	100	100	100	100	100	100	100	100	100	100	100	100	100	100	100	100	100	100	100	100	100	100	100	100	100	100	100	100	100	100	100	100	100	100	100	100	100	100	100	100	100	100	100	100	100	100	100	100	100	100	100	100	100	100	100	100	100	100	100	100	100	100	100	100	100	100	100	100	100	100	100	100	100	100	100	100	100	100	100	100	100	100	100	100	100	100	100	100
CDK1	4	3	2	3	3	2	3	4	3	3	4	4	100	3	3	4	3	3	3	2	5	3	3	4	4	4	4	3	3	2	3	3	4	4	3	3	4	3	4	4	3	4	2	4	100	3	3	3	3	5	5	3	4	100	3	2	4	4	4	2	3	3	4	3	4	100	3	3	3	3	3	4	3	2	3	3	3	2	3	3	2	4	2	100	4	4	3	2	2
CDKN1A	2	2	2	2	2	2	2	3	2	2	2	3	100	2	2	2	2	2	2	2	5	2	2	4	2	2	2	2	2	2	2	2	4	2	2	2	3	2	3	3	2	2	2	4	100	2	2	2	2	5	5	2	2	100	2	2	2	4	4	2	2	2	2	2	2	100	2	2	2	2	2	2	2	2	2	2	2	2	2	2	2	2	2	100	3	2	2	2	2
CDKN1B	2	3	2	3	2	2	3	3	2	1	1	3	100	2	2	2	2	2	2	2	1	3	2	4	2	2	2	2	1	2	2	2	1	2	3	3	3	2	3	3	3	2	2	4	1	2	3	2	3	3	3	2	2	1	2	1	1	3	4	2	2	2	2	3	2	100	2	2	2	3	2	2	3	2	1	2	2	2	1	3	2	2	2	1	1	2	2	2	2
CDKN2A	5	5	4	4	5	4	5	5	5	5	5	6	100	5	5	5	5	5	5	4	4	2	2	5	5	5	5	5	5	4	5	4	5	5	2	2	6	5	6	4	5	5	4	5	100	2	5	4	2	4	4	5	4	100	5	4	5	4	5	2	5	5	5	2	5	100	5	2	5	5	5	5	2	4	5	5	5	4	2	2	4	4	4	100	6	5	2	4	4
CHEK1	3	3	3	3	3	3	3	3	2	3	3	3	100	2	2	3	2	2	2	3	4	3	3	5	3	3	3	2	2	3	2	2	5	3	3	3	3	2	3	3	3	3	3	5	100	2	3	2	3	4	4	2	3	100	2	3	3	4	5	3	3	2	3	3	3	100	2	3	2	3	2	3	3	3	2	2	2	3	3	3	3	3	3	100	3	3	2	2	2
CHEK2	4	4	4	4	4	4	4	5	4	4	4	5	100	4	4	4	4	4	4	4	4	4	4	5	4	4	4	4	4	4	4	4	5	4	4	4	5	4	5	4	4	4	4	5	100	4	4	4	4	4	4	4	4	100	4	4	4	4	5	4	4	4	4	4	4	100	4	4	4	4	4	4	4	4	4	4	4	4	4	4	4	4	4	100	5	4	4	4	4
CLDN7	5	5	4	5	5	4	5	6	5	5	5	6	100	5	5	5	5	5	5	4	7	2	2	6	5	5	5	5	5	4	5	5	6	5	2	2	6	5	6	6	5	5	4	6	100	2	5	5	2	7	7	5	5	100	5	4	5	6	6	2	5	5	5	2	5	100	5	2	5	5	5	5	2	4	5	5	5	4	2	2	4	5	4	100	6	5	2	4	4
COG3	100	100	100	100	100	100	100	100	100	100	100	100	100	100	100	100	100	100	100	100	100	100	100	100	100	100	100	100	100	100	100	100	100	100	100	100	100	100	100	100	100	100	100	100	100	100	100	100	100	100	100	100	100	100	100	100	100	100	100	100	100	100	100	100	100	100	100	100	100	100	100	100	100	100	100	100	100	100	100	100	100	100	100	100	100	100	100	100	100
COL6A1	100	100	100	100	100	100	100	100	100	100	100	100	100	100	100	100	100	100	100	100	100	100	100	100	100	100	100	100	100	100	100	100	100	100	100	100	100	100	100	100	100	100	100	100	100	100	100	100	100	100	100	100	100	100	100	100	100	100	100	100	100	100	100	100	100	100	100	100	100	100	100	100	100	100	100	100	100	100	100	100	100	100	100	100	100	100	100	100	100
COX4I1	100	100	100	100	100	100	100	100	100	100	100	100	100	100	100	100	100	100	100	100	100	100	100	100	100	100	100	100	100	100	100	100	100	100	100	100	100	100	100	100	100	100	100	100	100	100	100	100	100	100	100	100	100	100	100	100	100	100	100	100	100	100	100	100	100	100	100	100	100	100	100	100	100	100	100	100	100	100	100	100	100	100	100	100	100	100	100	100	100
CREB1	3	2	2	2	2	2	2	3	2	2	3	3	100	2	2	3	2	2	2	2	4	2	2	4	3	3	3	2	2	2	2	2	4	3	2	2	3	2	3	3	2	3	2	4	100	2	2	2	2	4	4	2	3	100	2	2	3	4	4	2	2	2	3	2	3	100	2	2	2	2	2	3	2	2	2	2	2	2	2	2	2	3	2	100	3	3	2	2	2
CTNNB1	3	2	2	2	2	2	2	3	2	2	3	3	100	2	2	3	2	2	2	2	3	2	2	3	3	3	3	2	2	2	2	2	3	3	2	2	3	2	3	3	2	3	2	3	100	2	2	2	2	3	3	2	3	100	2	2	3	3	3	2	2	2	3	2	3	100	2	2	2	2	2	3	2	2	2	2	2	2	2	2	2	3	2	100	3	3	2	2	2
DIABLO	3	3	3	3	3	3	3	3	2	3	3	3	100	2	2	3	2	2	2	3	6	3	3	5	4	3	3	2	2	3	2	2	5	3	3	3	3	2	3	3	3	4	3	5	100	2	3	2	3	6	6	2	3	100	2	3	4	5	5	3	3	2	3	3	4	100	2	3	2	3	2	3	3	3	2	2	2	3	3	3	3	4	3	100	3	4	2	2	2
DPP4	100	100	100	100	100	100	100	100	100	100	100	100	100	100	100	100	100	100	100	100	100	100	100	100	100	100	100	100	100	100	100	100	100	100	100	100	100	100	100	100	100	100	100	100	100	100	100	100	100	100	100	100	100	100	100	100	100	100	100	100	100	100	100	100	100	100	100	100	100	100	100	100	100	100	100	100	100	100	100	100	100	100	100	100	100	100	100	100	100
DUSP4	100	100	100	100	100	100	100	100	100	100	100	100	100	100	100	100	100	100	100	100	100	100	100	100	100	100	100	100	100	100	100	100	100	100	100	100	100	100	100	100	100	100	100	100	100	100	100	100	100	100	100	100	100	100	100	100	100	100	100	100	100	100	100	100	100	100	100	100	100	100	100	100	100	100	100	100	100	100	100	100	100	100	100	100	100	100	100	100	100
E2F1	3	2	2	2	2	2	2	3	2	2	3	4	100	3	3	3	3	3	3	2	2	2	3	3	3	3	3	3	3	2	3	2	3	3	3	2	4	3	4	2	2	3	2	3	100	3	2	2	3	2	2	3	2	100	3	2	3	2	3	2	2	3	3	3	3	100	3	3	3	2	3	3	3	2	3	2	3	2	3	3	2	2	2	100	4	3	3	2	2
EEF2	3	3	4	4	4	4	4	3	4	4	4	3	100	4	3	4	4	4	3	4	7	5	4	6	4	3	4	4	4	4	4	4	6	4	5	4	3	4	3	3	4	4	4	6	100	4	4	4	5	7	7	4	4	100	4	4	4	6	6	4	4	4	4	5	4	100	4	4	4	4	4	4	5	3	4	4	4	4	5	3	4	4	4	100	3	4	4	4	4
EEF2K	2	2	3	3	3	3	3	2	3	3	3	2	100	3	2	3	3	3	2	3	6	4	3	5	3	2	3	3	3	3	3	3	5	3	4	3	2	3	2	2	3	3	3	5	100	3	3	3	4	6	6	3	3	100	3	3	3	5	5	3	3	3	3	4	3	100	3	3	3	3	3	3	4	2	3	3	3	3	4	2	3	3	3	100	2	3	3	3	3
EGFR	2	3	2	3	2	2	3	3	2	3	2	3	100	2	2	2	2	2	2	2	3	2	2	4	2	2	2	2	2	2	2	2	4	2	2	2	3	2	3	3	3	2	2	4	100	2	3	2	2	3	3	2	2	100	2	2	2	3	4	2	2	2	2	2	2	100	2	2	2	3	2	2	2	2	2	2	2	2	2	2	2	2	2	100	3	2	2	2	2
EIF4E	3	4	4	4	3	3	4	6	4	4	3	6	100	5	5	3	5	5	5	4	6	4	3	6	3	3	3	3	5	4	5	5	6	3	4	4	6	5	6	6	4	3	3	6	100	4	4	5	4	6	6	3	3	100	3	4	3	6	6	4	3	5	3	4	3	100	5	3	5	4	3	3	4	4	5	4	5	4	4	4	4	3	4	100	6	3	4	4	4
EIF4EBP1	2	2	1	2	2	2	2	2	2	2	2	1	1	2	2	2	1	2	2	2	5	3	2	1	2	2	2	2	2	2	2	2	4	1	3	2	2	2	2	2	2	2	2	4	1	2	1	2	3	1	5	2	2	100	2	2	2	4	4	2	2	2	2	1	1	1	2	2	1	2	2	2	3	2	2	2	2	2	3	2	2	2	2	100	2	2	2	2	2
EIF4G1	5	4	3	4	4	3	4	5	4	4	5	5	100	4	4	5	4	4	4	3	6	2	2	5	5	5	5	4	4	3	4	4	5	5	2	2	5	4	5	5	4	5	3	5	100	2	4	4	2	6	6	4	5	100	4	3	5	5	5	2	4	4	5	2	5	100	4	2	4	4	4	5	2	3	4	4	4	3	2	2	3	5	3	100	5	5	2	3	3
ELK1	2	3	3	3	2	2	3	5	3	3	2	5	100	4	4	2	4	4	4	3	5	3	2	5	2	2	2	2	4	3	4	4	5	2	3	3	5	4	5	5	3	2	2	5	100	3	3	4	3	5	5	2	2	100	2	3	2	5	5	3	2	4	2	3	2	100	4	2	4	3	2	2	3	3	4	3	4	3	3	3	3	2	3	100	5	2	3	3	3
ENY2	100	100	100	100	100	100	100	100	100	100	100	100	100	100	100	100	100	100	100	100	100	100	100	100	100	100	100	100	100	100	100	100	100	100	100	100	100	100	100	100	100	100	100	100	100	100	100	100	100	100	100	100	100	100	100	100	100	100	100	100	100	100	100	100	100	100	100	100	100	100	100	100	100	100	100	100	100	100	100	100	100	100	100	100	100	100	100	100	100
EPPK1	100	100	100	100	100	100	100	100	100	100	100	100	100	100	100	100	100	100	100	100	100	100	100	100	100	100	100	100	100	100	100	100	100	100	100	100	100	100	100	100	100	100	100	100	100	100	100	100	100	100	100	100	100	100	100	100	100	100	100	100	100	100	100	100	100	100	100	100	100	100	100	100	100	100	100	100	100	100	100	100	100	100	100	100	100	100	100	100	100
ERBB2	3	2	2	2	2	2	2	3	2	2	3	3	100	3	3	3	3	3	3	2	4	2	2	4	3	3	3	3	3	2	3	3	4	3	2	2	3	3	3	3	2	3	2	4	100	2	2	3	2	4	4	3	3	100	3	2	3	4	4	2	2	3	3	2	3	100	3	2	3	2	3	3	2	2	3	2	3	2	2	2	2	3	2	100	3	3	2	2	2
ERBB3	3	3	3	3	3	3	3	4	3	3	3	4	100	3	3	3	3	3	3	3	4	3	3	5	3	3	3	3	3	3	3	3	5	3	3	3	4	3	4	4	3	3	3	5	100	3	3	3	3	4	4	3	3	100	3	3	3	4	5	3	3	3	3	3	3	100	3	3	3	3	3	3	3	3	3	3	3	3	3	3	3	3	3	100	4	3	3	3	3
ERCC1	100	100	100	100	100	100	100	100	100	100	100	100	100	100	100	100	100	100	100	100	100	100	100	100	100	100	100	100	100	100	100	100	100	100	100	100	100	100	100	100	100	100	100	100	100	100	100	100	100	100	100	100	100	100	100	100	100	100	100	100	100	100	100	100	100	100	100	100	100	100	100	100	100	100	100	100	100	100	100	100	100	100	100	100	100	100	100	100	100
ERCC4	100	100	100	100	100	100	100	100	100	100	100	100	100	100	100	100	100	100	100	100	100	100	100	100	100	100	100	100	100	100	100	100	100	100	100	100	100	100	100	100	100	100	100	100	100	100	100	100	100	100	100	100	100	100	100	100	100	100	100	100	100	100	100	100	100	100	100	100	100	100	100	100	100	100	100	100	100	100	100	100	100	100	100	100	100	100	100	100	100
ERCC5	100	100	100	100	100	100	100	100	100	100	100	100	100	100	100	100	100	100	100	100	100	100	100	100	100	100	100	100	100	100	100	100	100	100	100	100	100	100	100	100	100	100	100	100	100	100	100	100	100	100	100	100	100	100	100	100	100	100	100	100	100	100	100	100	100	100	100	100	100	100	100	100	100	100	100	100	100	100	100	100	100	100	100	100	100	100	100	100	100
ERRFI1	3	4	3	4	3	3	4	4	3	4	3	4	100	3	3	3	3	3	3	3	4	3	3	5	3	3	3	3	3	3	3	3	5	3	3	3	4	3	4	4	4	3	3	5	100	3	4	3	3	4	4	3	3	100	3	3	3	4	5	3	3	3	3	3	3	100	3	3	3	4	3	3	3	3	3	3	3	3	3	3	3	3	3	100	4	3	3	3	3
ESR1	2	2	2	2	2	2	2	2	2	2	2	2	100	2	2	2	2	2	2	2	3	3	2	4	2	2	2	2	2	2	2	2	4	2	3	2	2	2	2	2	2	2	2	4	100	2	2	2	3	3	3	2	2	100	2	2	2	3	4	2	2	2	2	3	2	100	2	2	2	2	2	2	3	2	2	2	2	2	3	2	2	2	2	100	2	2	2	2	2
ETS1	2	3	3	3	2	2	3	5	3	3	2	5	100	4	4	2	4	4	4	3	5	3	2	5	2	2	2	2	4	3	4	4	5	2	3	3	5	4	5	5	3	2	2	5	100	3	3	4	3	5	5	2	2	100	2	3	2	5	5	3	2	4	2	3	2	100	4	2	4	3	2	2	3	3	4	3	4	3	3	3	3	2	3	100	5	2	3	3	3
FASN	100	100	100	100	100	100	100	100	100	100	100	100	100	100	100	100	100	100	100	100	100	100	100	100	100	100	100	100	100	100	100	100	100	100	100	100	100	100	100	100	100	100	100	100	100	100	100	100	100	100	100	100	100	100	100	100	100	100	100	100	100	100	100	100	100	100	100	100	100	100	100	100	100	100	100	100	100	100	100	100	100	100	100	100	100	100	100	100	100
FGR	100	100	100	100	100	100	100	100	100	100	100	100	100	100	100	100	100	100	100	100	100	100	100	100	100	100	100	100	100	100	100	100	100	100	100	100	100	100	100	100	100	100	100	100	100	100	100	100	100	100	100	100	100	100	100	100	100	100	100	100	100	100	100	100	100	100	100	100	100	100	100	100	100	100	100	100	100	100	100	100	100	100	100	100	100	100	100	100	100
FN1	100	100	100	100	100	100	100	100	100	100	100	100	100	100	100	100	100	100	100	100	100	100	100	100	100	100	100	100	100	100	100	100	100	100	100	100	100	100	100	100	100	100	100	100	100	100	100	100	100	100	100	100	100	100	100	100	100	100	100	100	100	100	100	100	100	100	100	100	100	100	100	100	100	100	100	100	100	100	100	100	100	100	100	100	100	100	100	100	100
FOSL1	4	5	5	5	4	4	5	7	5	5	4	7	100	6	6	4	5	6	5	5	7	2	2	7	4	4	4	4	5	5	5	5	7	4	2	2	7	6	7	7	5	4	4	7	100	2	5	6	2	7	7	4	4	100	4	5	4	7	7	2	4	5	4	2	4	100	5	2	6	5	4	4	2	5	6	5	5	5	2	2	5	4	5	100	7	4	2	5	5
FOXM1	2	4	3	4	3	2	4	4	4	4	2	5	100	4	4	2	4	4	4	3	6	3	3	4	3	3	2	3	4	3	4	4	4	2	3	3	5	4	5	5	4	3	3	4	100	3	4	4	3	6	6	2	2	100	3	3	3	4	4	3	2	4	2	3	3	100	4	2	4	4	2	2	3	3	4	4	4	3	3	3	3	3	3	100	5	3	3	3	3
FOXO3	2	3	3	3	2	2	3	3	2	3	2	3	100	2	2	2	2	2	2	3	5	3	2	5	2	2	2	2	2	3	2	2	5	2	3	3	3	2	3	3	3	2	2	5	100	2	3	2	3	5	5	2	2	100	2	3	2	5	5	3	2	2	2	3	2	100	2	2	2	3	2	2	3	3	2	2	2	3	3	3	3	2	3	100	3	2	2	2	2
FYN	3	3	4	3	3	3	3	4	3	3	3	5	100	4	4	3	3	4	3	3	4	3	3	4	4	4	3	3	3	4	3	3	4	3	3	3	5	4	5	4	3	4	4	4	100	3	3	4	3	4	4	3	3	100	4	4	4	4	4	3	3	3	3	3	4	100	3	3	4	3	3	3	3	4	4	3	3	4	3	3	4	4	4	100	5	4	3	3	4
G6PD	4	4	2	4	4	2	4	4	4	4	4	4	100	4	4	4	4	4	4	2	5	3	3	4	4	4	4	4	4	2	4	4	4	4	3	3	4	4	4	4	4	4	2	4	100	3	4	4	3	5	5	4	4	100	4	2	4	4	4	2	4	4	4	3	4	100	4	3	4	4	4	4	3	2	4	4	4	2	3	3	2	4	2	100	4	4	3	2	2
GAB2	2	2	3	2	2	2	2	3	2	2	2	3	100	2	2	2	2	2	2	2	4	3	2	4	2	2	2	2	2	3	2	2	4	2	3	2	3	2	3	3	2	2	2	4	100	2	2	2	3	4	4	2	2	100	2	3	2	4	4	3	2	2	2	3	2	100	2	2	2	2	2	2	3	3	2	2	2	3	3	3	3	2	3	100	3	2	2	2	2
GAPDH	4	3	2	3	3	2	3	3	2	3	4	4	100	2	2	4	2	2	2	2	5	2	2	3	4	4	4	2	2	2	2	2	3	4	2	2	4	2	4	4	3	3	2	3	100	2	3	2	2	5	5	2	4	100	2	2	4	3	3	2	3	2	3	2	4	100	2	2	2	3	2	4	2	2	2	2	2	2	2	2	2	4	2	100	4	4	2	2	2
GATA3	100	100	100	100	100	100	100	100	100	100	100	100	100	100	100	100	100	100	100	100	100	100	100	100	100	100	100	100	100	100	100	100	100	100	100	100	100	100	100	100	100	100	100	100	100	100	100	100	100	100	100	100	100	100	100	100	100	100	100	100	100	100	100	100	100	100	100	100	100	100	100	100	100	100	100	100	100	100	100	100	100	100	100	100	100	100	100	100	100
GCLM	100	100	100	100	100	100	100	100	100	100	100	100	100	100	100	100	100	100	100	100	100	100	100	100	100	100	100	100	100	100	100	100	100	100	100	100	100	100	100	100	100	100	100	100	100	100	100	100	100	100	100	100	100	100	100	100	100	100	100	100	100	100	100	100	100	100	100	100	100	100	100	100	100	100	100	100	100	100	100	100	100	100	100	100	100	100	100	100	100
GJA1	4	3	2	3	3	2	3	4	3	3	4	4	100	4	4	4	4	4	4	2	5	2	2	4	4	4	4	4	4	2	4	4	4	4	2	2	4	4	4	4	3	4	2	4	100	2	3	4	2	5	5	4	4	100	4	2	4	4	4	2	3	4	4	2	4	100	4	2	4	3	4	4	2	2	4	3	4	2	2	2	2	4	2	100	4	4	2	2	2
GLS	100	100	100	100	100	100	100	100	100	100	100	100	100	100	100	100	100	100	100	100	100	100	100	100	100	100	100	100	100	100	100	100	100	100	100	100	100	100	100	100	100	100	100	100	100	100	100	100	100	100	100	100	100	100	100	100	100	100	100	100	100	100	100	100	100	100	100	100	100	100	100	100	100	100	100	100	100	100	100	100	100	100	100	100	100	100	100	100	100
GLUD1	100	100	100	100	100	100	100	100	100	100	100	100	100	100	100	100	100	100	100	100	100	100	100	100	100	100	100	100	100	100	100	100	100	100	100	100	100	100	100	100	100	100	100	100	100	100	100	100	100	100	100	100	100	100	100	100	100	100	100	100	100	100	100	100	100	100	100	100	100	100	100	100	100	100	100	100	100	100	100	100	100	100	100	100	100	100	100	100	100
GSK3A	3	1	1	1	1	1	1	3	1	1	3	3	100	2	2	3	2	2	2	1	6	2	2	3	3	3	3	2	2	1	2	2	3	3	2	1	3	2	3	3	1	3	1	3	100	2	1	2	2	6	6	2	3	100	2	1	3	3	3	1	1	2	3	2	3	100	2	2	2	1	2	3	2	1	2	1	2	1	2	2	1	3	1	100	3	3	2	1	1
GSK3B	2	1	1	1	1	1	1	3	1	1	2	3	100	2	2	2	2	2	2	1	5	2	2	3	2	2	2	2	2	1	2	2	3	2	2	1	3	2	3	3	1	2	1	3	100	2	1	2	2	5	5	2	2	100	2	1	2	3	3	1	1	2	2	2	2	100	2	2	2	1	2	2	2	1	2	1	2	1	2	2	1	2	1	100	3	2	2	1	1
GYS1	3	2	2	2	2	2	2	4	2	2	3	4	100	3	3	3	3	3	3	2	6	3	3	4	3	3	3	3	3	2	3	3	4	3	3	2	4	3	4	4	2	3	2	4	100	3	2	3	3	6	6	3	3	100	3	2	3	4	4	2	2	3	3	3	3	100	3	3	3	2	3	3	3	2	3	2	3	2	3	3	2	3	2	100	4	3	3	2	2
GZMB	100	100	100	100	100	100	100	100	100	100	100	100	100	100	100	100	100	100	100	100	100	100	100	100	100	100	100	100	100	100	100	100	100	100	100	100	100	100	100	100	100	100	100	100	100	100	100	100	100	100	100	100	100	100	100	100	100	100	100	100	100	100	100	100	100	100	100	100	100	100	100	100	100	100	100	100	100	100	100	100	100	100	100	100	100	100	100	100	100
H2AFX	4	5	4	5	4	4	5	5	4	5	4	5	100	4	4	4	4	4	4	4	5	4	4	6	4	4	4	4	4	4	4	4	6	4	4	4	5	4	5	5	5	4	4	6	100	4	5	4	4	5	5	4	4	100	4	4	4	5	6	4	4	4	4	4	4	100	4	4	4	5	4	4	4	4	4	4	4	4	4	4	4	4	4	100	5	4	4	4	4
H2BFM	100	100	100	100	100	100	100	100	100	100	100	100	100	100	100	100	100	100	100	100	100	100	100	100	100	100	100	100	100	100	100	100	100	100	100	100	100	100	100	100	100	100	100	100	100	100	100	100	100	100	100	100	100	100	100	100	100	100	100	100	100	100	100	100	100	100	100	100	100	100	100	100	100	100	100	100	100	100	100	100	100	100	100	100	100	100	100	100	100
H3F3A	100	100	100	100	100	100	100	100	100	100	100	100	100	100	100	100	100	100	100	100	100	100	100	100	100	100	100	100	100	100	100	100	100	100	100	100	100	100	100	100	100	100	100	100	100	100	100	100	100	100	100	100	100	100	100	100	100	100	100	100	100	100	100	100	100	100	100	100	100	100	100	100	100	100	100	100	100	100	100	100	100	100	100	100	100	100	100	100	100
H3F3B	100	100	100	100	100	100	100	100	100	100	100	100	100	100	100	100	100	100	100	100	100	100	100	100	100	100	100	100	100	100	100	100	100	100	100	100	100	100	100	100	100	100	100	100	100	100	100	100	100	100	100	100	100	100	100	100	100	100	100	100	100	100	100	100	100	100	100	100	100	100	100	100	100	100	100	100	100	100	100	100	100	100	100	100	100	100	100	100	100
H3F3C	100	100	100	100	100	100	100	100	100	100	100	100	100	100	100	100	100	100	100	100	100	100	100	100	100	100	100	100	100	100	100	100	100	100	100	100	100	100	100	100	100	100	100	100	100	100	100	100	100	100	100	100	100	100	100	100	100	100	100	100	100	100	100	100	100	100	100	100	100	100	100	100	100	100	100	100	100	100	100	100	100	100	100	100	100	100	100	100	100
HCK	100	100	100	100	100	100	100	100	100	100	100	100	100	100	100	100	100	100	100	100	100	100	100	100	100	100	100	100	100	100	100	100	100	100	100	100	100	100	100	100	100	100	100	100	100	100	100	100	100	100	100	100	100	100	100	100	100	100	100	100	100	100	100	100	100	100	100	100	100	100	100	100	100	100	100	100	100	100	100	100	100	100	100	100	100	100	100	100	100
HES1	100	100	100	100	100	100	100	100	100	100	100	100	100	100	100	100	100	100	100	100	100	100	100	100	100	100	100	100	100	100	100	100	100	100	100	100	100	100	100	100	100	100	100	100	100	100	100	100	100	100	100	100	100	100	100	100	100	100	100	100	100	100	100	100	100	100	100	100	100	100	100	100	100	100	100	100	100	100	100	100	100	100	100	100	100	100	100	100	100
HIF1A	2	2	3	2	2	2	3	2	3	3	2	2	100	3	2	2	3	3	2	3	2	2	2	3	2	2	2	2	3	2	3	2	3	2	3	3	2	3	2	2	3	2	2	3	100	3	3	2	3	2	2	2	2	100	2	3	2	2	3	3	2	3	2	3	2	100	3	2	3	3	2	2	3	2	3	3	3	3	3	2	3	2	3	100	2	2	3	3	3
HIST1H3A	100	100	100	100	100	100	100	100	100	100	100	100	100	100	100	100	100	100	100	100	100	100	100	100	100	100	100	100	100	100	100	100	100	100	100	100	100	100	100	100	100	100	100	100	100	100	100	100	100	100	100	100	100	100	100	100	100	100	100	100	100	100	100	100	100	100	100	100	100	100	100	100	100	100	100	100	100	100	100	100	100	100	100	100	100	100	100	100	100
HIST2H3A	100	100	100	100	100	100	100	100	100	100	100	100	100	100	100	100	100	100	100	100	100	100	100	100	100	100	100	100	100	100	100	100	100	100	100	100	100	100	100	100	100	100	100	100	100	100	100	100	100	100	100	100	100	100	100	100	100	100	100	100	100	100	100	100	100	100	100	100	100	100	100	100	100	100	100	100	100	100	100	100	100	100	100	100	100	100	100	100	100
HIST3H3	3	4	3	4	3	3	4	5	4	4	3	5	100	5	5	3	5	5	5	3	6	4	3	5	3	3	3	3	5	3	5	5	5	3	4	4	5	5	5	5	4	3	3	5	100	4	4	5	4	6	6	3	3	100	3	3	3	5	5	3	3	5	3	4	3	100	5	3	5	4	3	3	4	3	5	4	5	3	4	4	3	3	3	100	5	3	4	3	3
HK2	100	100	100	100	100	100	100	100	100	100	100	100	100	100	100	100	100	100	100	100	100	100	100	100	100	100	100	100	100	100	100	100	100	100	100	100	100	100	100	100	100	100	100	100	100	100	100	100	100	100	100	100	100	100	100	100	100	100	100	100	100	100	100	100	100	100	100	100	100	100	100	100	100	100	100	100	100	100	100	100	100	100	100	100	100	100	100	100	100
HSBP1	100	100	100	100	100	100	100	100	100	100	100	100	100	100	100	100	100	100	100	100	100	100	100	100	100	100	100	100	100	100	100	100	100	100	100	100	100	100	100	100	100	100	100	100	100	100	100	100	100	100	100	100	100	100	100	100	100	100	100	100	100	100	100	100	100	100	100	100	100	100	100	100	100	100	100	100	100	100	100	100	100	100	100	100	100	100	100	100	100
HSPA1A	100	100	100	100	100	100	100	100	100	100	100	100	100	100	100	100	100	100	100	100	100	100	100	100	100	100	100	100	100	100	100	100	100	100	100	100	100	100	100	100	100	100	100	100	100	100	100	100	100	100	100	100	100	100	100	100	100	100	100	100	100	100	100	100	100	100	100	100	100	100	100	100	100	100	100	100	100	100	100	100	100	100	100	100	100	100	100	100	100
HSPA5	3	4	3	4	3	3	4	4	3	4	3	4	100	3	3	3	3	3	3	3	4	3	3	5	3	3	3	3	3	3	3	3	5	3	3	3	4	3	4	4	4	3	3	5	100	3	4	3	3	4	4	3	3	100	3	3	3	4	5	3	3	3	3	3	3	100	3	3	3	4	3	3	3	3	3	3	3	3	3	3	3	3	3	100	4	3	3	3	3
HSPB1	3	3	3	3	3	3	3	3	2	3	4	3	100	2	2	4	2	2	2	3	5	3	3	5	4	3	4	2	2	3	2	2	5	4	3	3	3	2	3	3	3	4	3	5	100	2	3	2	3	5	5	2	4	100	2	3	4	5	5	3	3	2	4	3	4	100	2	3	2	3	2	4	3	3	2	2	2	3	3	3	3	4	3	100	3	4	2	2	2
IGF1R	3	3	2	3	3	2	3	4	3	3	3	4	100	3	3	3	3	3	3	2	5	3	3	4	3	3	3	3	3	2	3	3	4	3	3	3	4	3	4	4	3	3	2	4	100	3	3	3	3	5	5	3	3	100	3	2	3	4	4	2	3	3	3	3	3	100	3	3	3	3	3	3	3	2	3	3	3	2	3	3	2	3	2	100	4	3	3	2	2
IGFBP2	100	100	100	100	100	100	100	100	100	100	100	100	100	100	100	100	100	100	100	100	100	100	100	100	100	100	100	100	100	100	100	100	100	100	100	100	100	100	100	100	100	100	100	100	100	100	100	100	100	100	100	100	100	100	100	100	100	100	100	100	100	100	100	100	100	100	100	100	100	100	100	100	100	100	100	100	100	100	100	100	100	100	100	100	100	100	100	100	100
INPP4B	100	100	100	100	100	100	100	100	100	100	100	100	100	100	100	100	100	100	100	100	100	100	100	100	100	100	100	100	100	100	100	100	100	100	100	100	100	100	100	100	100	100	100	100	100	100	100	100	100	100	100	100	100	100	100	100	100	100	100	100	100	100	100	100	100	100	100	100	100	100	100	100	100	100	100	100	100	100	100	100	100	100	100	100	100	100	100	100	100
INSR	2	2	2	2	2	2	2	2	2	2	3	2	100	3	2	3	3	3	2	2	6	2	2	4	3	2	3	3	3	2	3	3	4	3	2	2	2	3	2	2	2	3	2	4	100	2	2	3	2	6	6	3	3	100	3	2	3	4	4	2	2	3	3	2	3	100	3	2	3	2	3	3	2	2	3	2	3	2	2	2	2	3	2	100	2	3	2	2	2
IRF1	100	100	100	100	100	100	100	100	100	100	100	100	100	100	100	100	100	100	100	100	100	100	100	100	100	100	100	100	100	100	100	100	100	100	100	100	100	100	100	100	100	100	100	100	100	100	100	100	100	100	100	100	100	100	100	100	100	100	100	100	100	100	100	100	100	100	100	100	100	100	100	100	100	100	100	100	100	100	100	100	100	100	100	100	100	100	100	100	100
IRS1	2	2	3	2	2	2	2	3	2	2	2	3	100	2	2	2	2	2	2	2	4	2	2	3	2	2	2	2	2	3	2	2	3	2	2	2	3	2	3	3	2	2	2	3	100	2	2	2	2	4	4	2	2	100	2	3	2	3	3	2	2	2	2	2	2	100	2	2	2	2	2	2	2	3	2	2	2	3	2	2	3	2	3	100	3	2	2	2	2
ITGA2	100	100	100	100	100	100	100	100	100	100	100	100	100	100	100	100	100	100	100	100	100	100	100	100	100	100	100	100	100	100	100	100	100	100	100	100	100	100	100	100	100	100	100	100	100	100	100	100	100	100	100	100	100	100	100	100	100	100	100	100	100	100	100	100	100	100	100	100	100	100	100	100	100	100	100	100	100	100	100	100	100	100	100	100	100	100	100	100	100
ITGB1	4	3	3	3	3	3	3	5	3	3	4	5	100	4	4	4	4	4	4	3	6	2	2	5	4	4	4	4	4	3	4	4	5	4	2	2	5	4	5	5	3	4	3	5	100	2	3	4	2	6	6	4	4	100	4	3	4	5	5	2	3	4	4	2	4	100	4	2	4	3	4	4	2	3	4	3	4	3	2	2	3	4	3	100	5	4	2	3	3
JAG1	100	100	100	100	100	100	100	100	100	100	100	100	100	100	100	100	100	100	100	100	100	100	100	100	100	100	100	100	100	100	100	100	100	100	100	100	100	100	100	100	100	100	100	100	100	100	100	100	100	100	100	100	100	100	100	100	100	100	100	100	100	100	100	100	100	100	100	100	100	100	100	100	100	100	100	100	100	100	100	100	100	100	100	100	100	100	100	100	100
JAK2	3	1	2	1	1	2	1	4	1	1	3	4	100	3	3	3	3	3	3	1	3	3	3	4	3	3	3	3	3	2	3	3	4	3	3	1	4	3	4	3	1	3	2	4	100	3	1	3	3	3	3	3	3	100	3	2	3	3	4	2	1	3	3	3	3	100	3	3	3	1	3	3	3	2	3	1	3	2	3	3	2	3	2	100	4	3	3	2	2
JUN	2	2	2	2	2	2	2	2	2	2	2	3	100	3	3	2	3	3	3	2	3	3	2	2	2	2	2	2	3	2	3	3	2	2	3	2	3	2	3	3	2	2	2	2	100	3	2	3	2	3	3	2	2	100	2	2	2	2	2	2	2	3	2	3	2	100	2	2	3	2	2	2	3	2	3	2	3	2	3	3	2	2	2	100	3	2	3	2	2
KAT2A	100	100	100	100	100	100	100	100	100	100	100	100	100	100	100	100	100	100	100	100	100	100	100	100	100	100	100	100	100	100	100	100	100	100	100	100	100	100	100	100	100	100	100	100	100	100	100	100	100	100	100	100	100	100	100	100	100	100	100	100	100	100	100	100	100	100	100	100	100	100	100	100	100	100	100	100	100	100	100	100	100	100	100	100	100	100	100	100	100
KDR	3	3	2	3	3	2	3	4	3	3	3	4	100	4	4	3	3	4	3	2	5	3	3	4	4	4	3	3	3	2	3	3	4	3	3	3	4	4	4	4	3	4	2	4	100	3	3	4	3	5	5	3	3	100	4	2	4	4	4	2	3	3	3	3	4	100	3	3	4	3	3	3	3	2	4	3	3	2	3	3	2	4	2	100	4	4	3	2	2
KIT	4	4	2	4	4	2	4	4	4	4	4	4	100	4	4	4	4	4	4	2	5	2	2	4	4	4	4	4	4	2	4	4	4	4	2	2	4	4	4	4	4	4	2	4	100	2	4	4	2	5	5	4	4	100	4	2	4	4	4	2	4	4	4	2	4	100	4	2	4	4	4	4	2	2	4	4	4	2	2	2	2	4	2	100	4	4	2	2	2
L1CAM	2	3	2	3	2	2	3	4	3	3	2	4	100	4	4	2	4	4	4	2	5	2	2	4	2	2	2	2	4	2	4	4	4	2	2	2	4	4	4	4	3	2	2	4	100	2	3	4	2	5	5	2	2	100	2	2	2	4	4	2	2	4	2	2	2	100	4	2	4	3	2	2	2	2	4	3	4	2	2	2	2	2	2	100	4	2	2	2	2
LCK	2	3	3	3	2	2	3	5	3	3	2	5	100	4	4	2	3	4	3	3	5	2	2	5	2	2	2	2	3	3	3	3	5	2	2	2	5	4	5	5	3	2	2	5	100	2	3	4	2	5	5	2	2	100	2	3	2	5	5	2	2	3	2	2	2	100	3	2	4	3	2	2	2	3	4	3	3	3	2	2	3	2	3	100	5	2	2	3	3
LDHA	5	4	3	4	4	3	4	5	4	4	5	5	100	4	4	5	4	4	4	3	6	4	4	5	5	5	5	4	4	3	4	4	5	5	4	4	5	4	5	5	4	5	3	5	100	4	4	4	4	6	6	4	5	100	4	3	5	5	5	3	4	4	5	4	5	100	4	4	4	4	4	5	4	3	4	4	4	3	4	4	3	5	3	100	5	5	4	3	3
LRP6	2	2	2	2	2	2	2	4	2	2	2	4	100	3	3	2	3	3	3	2	4	3	2	4	2	2	2	2	3	2	3	3	4	2	3	2	4	3	4	4	2	2	2	4	100	3	2	3	3	4	4	2	2	100	2	2	2	4	4	2	2	3	2	3	2	100	3	2	3	2	2	2	3	2	3	2	3	2	3	3	2	2	2	100	4	2	3	2	2
LYN	3	4	3	4	3	3	4	3	3	4	3	4	100	3	3	3	3	3	3	3	4	2	2	3	3	3	3	3	3	3	3	3	3	3	2	2	4	3	4	4	3	3	3	3	100	2	4	3	2	4	4	3	3	100	3	3	3	3	3	2	3	3	3	2	3	100	3	2	3	4	3	3	2	3	3	3	3	3	2	2	3	3	3	100	4	3	2	3	3
MAP1LC3A	100	100	100	100	100	100	100	100	100	100	100	100	100	100	100	100	100	100	100	100	100	100	100	100	100	100	100	100	100	100	100	100	100	100	100	100	100	100	100	100	100	100	100	100	100	100	100	100	100	100	100	100	100	100	100	100	100	100	100	100	100	100	100	100	100	100	100	100	100	100	100	100	100	100	100	100	100	100	100	100	100	100	100	100	100	100	100	100	100
MAP1LC3B	100	100	100	100	100	100	100	100	100	100	100	100	100	100	100	100	100	100	100	100	100	100	100	100	100	100	100	100	100	100	100	100	100	100	100	100	100	100	100	100	100	100	100	100	100	100	100	100	100	100	100	100	100	100	100	100	100	100	100	100	100	100	100	100	100	100	100	100	100	100	100	100	100	100	100	100	100	100	100	100	100	100	100	100	100	100	100	100	100
MAP2K1	1	3	3	3	2	1	3	3	3	3	1	4	100	3	3	1	3	3	3	3	5	2	2	3	2	2	1	2	3	3	3	3	3	1	2	2	4	3	4	4	3	2	2	3	100	2	3	3	2	5	5	1	1	100	2	3	2	3	3	2	1	3	1	2	2	100	3	1	3	3	1	1	2	3	3	3	3	3	2	2	3	2	3	100	4	2	2	3	3
MAP2K2	1	4	3	4	2	1	4	4	3	4	1	4	100	3	3	1	3	3	3	3	5	3	2	4	2	2	1	2	3	3	3	3	4	1	3	3	4	3	4	4	4	2	2	4	100	3	4	3	3	5	5	1	1	100	2	3	2	4	4	3	1	3	1	3	2	100	3	1	3	4	1	1	3	3	3	3	3	3	3	3	3	2	3	100	4	2	3	3	3
MAPK1	1	2	2	2	1	1	2	4	2	2	1	4	100	3	3	1	3	3	3	2	4	3	1	4	1	1	1	1	3	2	3	3	4	1	3	2	4	3	4	4	2	1	1	4	100	3	2	3	3	4	4	1	1	100	1	2	1	4	4	2	1	3	1	3	1	100	3	1	3	2	1	1	3	2	3	2	3	2	3	3	2	1	2	100	4	1	3	2	2
MAPK14	3	4	4	4	3	3	4	5	4	4	3	5	100	4	4	3	4	4	4	4	4	3	3	5	3	3	3	3	4	4	4	4	5	3	3	3	5	4	5	4	4	3	3	5	100	3	4	4	3	4	4	3	3	100	3	4	3	4	5	3	3	4	3	3	3	100	4	3	4	4	3	3	3	4	4	4	4	4	3	3	4	3	4	100	5	3	3	4	4
MAPK3	1	2	3	2	2	1	2	4	2	2	1	4	100	3	3	1	3	3	3	2	4	3	3	4	3	3	1	3	3	3	3	3	4	1	3	2	4	3	4	4	2	3	3	4	100	3	2	3	3	4	4	1	1	100	3	3	3	4	4	3	1	3	1	3	3	100	3	1	3	2	1	1	3	3	3	2	3	3	3	3	3	3	3	100	4	3	3	3	3
MAPK8	2	3	4	3	3	2	3	4	3	3	2	5	100	4	4	2	4	4	4	3	5	2	2	4	3	3	2	3	4	4	4	4	4	2	2	2	5	4	5	5	3	3	3	4	100	2	3	4	2	5	5	2	2	100	3	4	3	4	4	2	2	4	2	2	3	100	4	2	4	3	2	2	2	4	4	3	4	4	2	2	4	3	4	100	5	3	2	4	4
MAPK9	3	3	4	3	3	3	3	6	3	3	3	6	100	5	5	3	5	5	5	3	5	5	3	6	3	3	3	3	5	4	5	5	6	3	5	3	6	5	6	5	3	3	3	6	100	5	3	5	5	5	5	3	3	100	3	4	3	5	6	4	3	5	3	5	3	100	5	3	5	3	3	3	5	4	5	3	5	4	5	5	4	3	4	100	6	3	5	4	4
MAPT	2	2	2	2	2	2	2	3	2	2	2	3	100	3	3	2	3	3	3	2	5	3	2	4	2	2	2	2	3	2	3	3	4	2	3	2	3	3	3	3	2	2	2	4	100	3	2	3	3	5	5	2	2	100	2	2	2	4	4	2	2	3	2	3	2	100	3	2	3	2	2	2	3	2	3	2	3	2	3	3	2	2	2	100	3	2	3	2	2
MCL1	2	2	2	2	2	2	2	4	2	2	2	4	100	3	3	2	3	3	3	2	5	3	2	4	2	2	2	2	3	2	3	3	4	2	3	2	4	3	4	4	2	2	2	4	100	3	2	3	3	5	5	2	2	100	2	2	2	4	4	2	2	3	2	3	2	100	3	2	3	2	2	2	3	2	3	2	3	2	3	3	2	2	2	100	4	2	3	2	2
MDM2	3	3	1	3	3	2	3	3	2	3	3	1	1	2	2	3	1	2	2	2	3	3	3	1	3	3	3	2	2	2	2	2	4	1	3	3	3	2	3	3	3	3	2	4	1	2	1	2	3	1	3	2	3	100	2	2	3	3	4	2	3	2	3	1	1	1	2	3	1	3	2	3	3	2	2	2	2	2	3	3	2	3	2	100	3	3	2	2	2
MET	4	3	3	3	3	3	3	3	3	3	4	4	100	4	4	4	4	4	4	3	3	2	2	3	4	4	4	4	4	3	4	3	3	4	2	2	4	3	4	3	3	3	3	3	100	2	3	3	2	3	3	4	3	100	4	3	4	3	3	2	3	4	3	2	4	100	3	2	4	3	4	4	2	3	4	3	4	3	2	2	3	3	3	100	4	4	2	3	3
MIF	100	100	100	100	100	100	100	100	100	100	100	100	100	100	100	100	100	100	100	100	100	100	100	100	100	100	100	100	100	100	100	100	100	100	100	100	100	100	100	100	100	100	100	100	100	100	100	100	100	100	100	100	100	100	100	100	100	100	100	100	100	100	100	100	100	100	100	100	100	100	100	100	100	100	100	100	100	100	100	100	100	100	100	100	100	100	100	100	100
MKNK1	2	3	3	3	2	2	3	5	3	3	2	5	100	4	4	2	4	4	4	3	5	3	2	5	2	2	2	2	4	3	4	4	5	2	3	3	5	4	5	5	3	2	2	5	100	3	3	4	3	5	5	2	2	100	2	3	2	5	5	3	2	4	2	3	2	100	4	2	4	3	2	2	3	3	4	3	4	3	3	3	3	2	3	100	5	2	3	3	3
MMP2	5	5	4	5	5	4	5	6	5	5	5	6	100	5	5	5	5	5	5	4	7	2	2	6	5	5	5	5	5	4	5	5	6	5	2	2	6	5	6	6	5	5	4	6	100	2	5	5	2	7	7	5	5	100	5	4	5	6	6	2	5	5	5	2	5	100	5	2	5	5	5	5	2	4	5	5	5	4	2	2	4	5	4	100	6	5	2	4	4
MSH6	100	100	100	100	100	100	100	100	100	100	100	100	100	100	100	100	100	100	100	100	100	100	100	100	100	100	100	100	100	100	100	100	100	100	100	100	100	100	100	100	100	100	100	100	100	100	100	100	100	100	100	100	100	100	100	100	100	100	100	100	100	100	100	100	100	100	100	100	100	100	100	100	100	100	100	100	100	100	100	100	100	100	100	100	100	100	100	100	100
MSI2	100	100	100	100	100	100	100	100	100	100	100	100	100	100	100	100	100	100	100	100	100	100	100	100	100	100	100	100	100	100	100	100	100	100	100	100	100	100	100	100	100	100	100	100	100	100	100	100	100	100	100	100	100	100	100	100	100	100	100	100	100	100	100	100	100	100	100	100	100	100	100	100	100	100	100	100	100	100	100	100	100	100	100	100	100	100	100	100	100
MTOR	1	1	3	3	3	3	3	1	2	3	3	1	100	2	1	3	2	2	1	3	6	3	3	5	3	1	3	2	2	3	2	2	5	3	3	3	1	2	1	1	3	3	3	5	100	2	3	2	3	6	6	2	3	100	2	3	3	5	5	3	3	2	3	3	3	100	2	3	2	3	2	3	3	1	2	2	2	3	3	1	3	3	3	100	1	3	2	2	2
MUC1	3	2	2	2	2	2	2	3	2	2	3	4	100	3	3	3	3	3	3	2	4	2	2	3	3	3	3	3	3	2	3	3	3	3	2	2	4	3	4	4	2	3	2	3	100	2	2	3	2	4	4	3	3	100	3	2	3	3	3	2	2	3	3	2	3	100	3	2	3	2	3	3	2	2	3	2	3	2	2	2	2	3	2	100	4	3	2	2	2
MYC	2	2	2	2	2	2	2	2	2	2	2	2	100	3	2	2	3	3	2	2	3	3	2	4	2	2	2	2	3	2	3	3	4	2	3	2	2	3	2	2	2	2	2	4	100	3	2	3	3	3	3	2	2	100	2	2	2	3	4	2	2	3	2	3	2	100	3	2	3	2	2	2	3	2	3	2	3	2	3	2	2	2	2	100	2	2	3	2	2
MYH11	100	100	100	100	100	100	100	100	100	100	100	100	100	100	100	100	100	100	100	100	100	100	100	100	100	100	100	100	100	100	100	100	100	100	100	100	100	100	100	100	100	100	100	100	100	100	100	100	100	100	100	100	100	100	100	100	100	100	100	100	100	100	100	100	100	100	100	100	100	100	100	100	100	100	100	100	100	100	100	100	100	100	100	100	100	100	100	100	100
MYH9	4	4	2	4	4	2	4	4	4	4	4	4	100	4	4	4	4	4	4	2	5	2	2	4	4	4	4	4	4	2	4	4	4	4	2	2	4	4	4	4	4	4	2	4	100	2	4	4	2	5	5	4	4	100	4	2	4	4	4	2	4	4	4	2	4	100	4	2	4	4	4	4	2	2	4	4	4	2	2	2	2	4	2	100	4	4	2	2	2
MYT1	100	100	100	100	100	100	100	100	100	100	100	100	100	100	100	100	100	100	100	100	100	100	100	100	100	100	100	100	100	100	100	100	100	100	100	100	100	100	100	100	100	100	100	100	100	100	100	100	100	100	100	100	100	100	100	100	100	100	100	100	100	100	100	100	100	100	100	100	100	100	100	100	100	100	100	100	100	100	100	100	100	100	100	100	100	100	100	100	100
NAPSA	100	100	100	100	100	100	100	100	100	100	100	100	100	100	100	100	100	100	100	100	100	100	100	100	100	100	100	100	100	100	100	100	100	100	100	100	100	100	100	100	100	100	100	100	100	100	100	100	100	100	100	100	100	100	100	100	100	100	100	100	100	100	100	100	100	100	100	100	100	100	100	100	100	100	100	100	100	100	100	100	100	100	100	100	100	100	100	100	100
NDRG1	4	2	2	2	2	2	2	4	2	2	4	4	100	3	3	4	3	3	3	2	7	3	3	4	4	4	4	3	3	2	3	3	4	4	3	2	4	3	4	4	2	4	2	4	100	3	2	3	3	7	7	3	4	100	3	2	4	4	4	2	2	3	4	3	4	100	3	3	3	2	3	4	3	2	3	2	3	2	3	3	2	4	2	100	4	4	3	2	2
NDUFB4	100	100	100	100	100	100	100	100	100	100	100	100	100	100	100	100	100	100	100	100	100	100	100	100	100	100	100	100	100	100	100	100	100	100	100	100	100	100	100	100	100	100	100	100	100	100	100	100	100	100	100	100	100	100	100	100	100	100	100	100	100	100	100	100	100	100	100	100	100	100	100	100	100	100	100	100	100	100	100	100	100	100	100	100	100	100	100	100	100
NF2	3	3	3	3	3	3	3	3	2	3	3	3	100	2	2	3	2	2	2	3	5	3	3	5	3	3	3	2	2	3	2	2	5	3	3	3	3	2	3	3	3	3	3	5	100	2	3	2	3	5	5	2	3	100	2	3	3	5	5	3	3	2	3	3	3	100	2	3	2	3	2	3	3	3	2	2	2	3	3	3	3	3	3	100	3	3	2	2	2
NKX2-1	2	3	3	3	2	2	3	5	3	3	2	5	100	4	4	2	4	4	4	3	5	4	2	5	2	2	2	2	4	3	4	4	5	2	4	3	5	4	5	5	3	2	2	5	100	4	3	4	4	5	5	2	2	100	2	3	2	5	5	3	2	4	2	4	2	100	4	2	4	3	2	2	4	3	4	3	4	3	4	4	3	2	3	100	5	2	4	3	3
NOTCH1	100	100	100	100	100	100	100	100	100	100	100	100	100	100	100	100	100	100	100	100	100	100	100	100	100	100	100	100	100	100	100	100	100	100	100	100	100	100	100	100	100	100	100	100	100	100	100	100	100	100	100	100	100	100	100	100	100	100	100	100	100	100	100	100	100	100	100	100	100	100	100	100	100	100	100	100	100	100	100	100	100	100	100	100	100	100	100	100	100
NOTCH3	100	100	100	100	100	100	100	100	100	100	100	100	100	100	100	100	100	100	100	100	100	100	100	100	100	100	100	100	100	100	100	100	100	100	100	100	100	100	100	100	100	100	100	100	100	100	100	100	100	100	100	100	100	100	100	100	100	100	100	100	100	100	100	100	100	100	100	100	100	100	100	100	100	100	100	100	100	100	100	100	100	100	100	100	100	100	100	100	100
NRAS	4	4	2	4	4	2	4	4	4	4	4	4	100	4	4	4	4	4	4	2	5	3	3	4	4	4	4	4	4	2	4	4	4	4	3	3	4	4	4	4	4	4	2	4	100	3	4	4	3	5	5	4	4	100	4	2	4	4	4	2	4	4	4	3	4	100	4	3	4	4	4	4	3	2	4	4	4	2	3	3	2	4	2	100	4	4	3	2	2
NRG1	4	4	4	4	4	4	4	5	4	4	4	5	100	4	4	4	4	4	4	4	5	4	4	6	4	4	4	4	4	4	4	4	6	4	4	4	5	4	5	5	4	4	4	6	100	4	4	4	4	5	5	4	4	100	4	4	4	5	6	4	4	4	4	4	4	100	4	4	4	4	4	4	4	4	4	4	4	4	4	4	4	4	4	100	5	4	4	4	4
PAICS	5	4	3	4	4	3	4	5	4	4	5	5	100	4	4	5	4	4	4	3	6	4	4	5	5	5	5	4	4	3	4	4	5	5	4	4	5	4	5	5	4	5	3	5	100	4	4	4	4	6	6	4	5	100	4	3	5	5	5	3	4	4	5	4	5	100	4	4	4	4	4	5	4	3	4	4	4	3	4	4	3	5	3	100	5	5	4	3	3
PAK1	2	2	3	2	2	2	2	5	2	2	2	5	100	4	4	2	4	4	4	2	4	4	2	5	2	2	2	2	4	3	4	4	5	2	4	2	5	4	5	4	2	2	2	5	100	4	2	4	4	4	4	2	2	100	2	3	2	4	5	3	2	4	2	4	2	100	4	2	4	2	2	2	4	3	4	2	4	3	4	4	3	2	3	100	5	2	4	3	3
PAK4	100	100	100	100	100	100	100	100	100	100	100	100	100	100	100	100	100	100	100	100	100	100	100	100	100	100	100	100	100	100	100	100	100	100	100	100	100	100	100	100	100	100	100	100	100	100	100	100	100	100	100	100	100	100	100	100	100	100	100	100	100	100	100	100	100	100	100	100	100	100	100	100	100	100	100	100	100	100	100	100	100	100	100	100	100	100	100	100	100
PARD3	5	5	5	5	5	5	5	5	4	5	5	5	100	4	4	5	4	4	4	5	6	5	5	7	5	5	5	4	4	5	4	4	7	5	5	5	5	4	5	5	5	5	5	7	100	4	5	4	5	6	6	4	5	100	4	5	5	6	7	5	5	4	5	5	5	100	4	5	4	5	4	5	5	5	4	4	4	5	5	5	5	5	5	100	5	5	4	4	4
PARD3B	100	100	100	100	100	100	100	100	100	100	100	100	100	100	100	100	100	100	100	100	100	100	100	100	100	100	100	100	100	100	100	100	100	100	100	100	100	100	100	100	100	100	100	100	100	100	100	100	100	100	100	100	100	100	100	100	100	100	100	100	100	100	100	100	100	100	100	100	100	100	100	100	100	100	100	100	100	100	100	100	100	100	100	100	100	100	100	100	100
PARD6A	100	100	100	100	100	100	100	100	100	100	100	100	100	100	100	100	100	100	100	100	100	100	100	100	100	100	100	100	100	100	100	100	100	100	100	100	100	100	100	100	100	100	100	100	100	100	100	100	100	100	100	100	100	100	100	100	100	100	100	100	100	100	100	100	100	100	100	100	100	100	100	100	100	100	100	100	100	100	100	100	100	100	100	100	100	100	100	100	100
PARD6B	100	100	100	100	100	100	100	100	100	100	100	100	100	100	100	100	100	100	100	100	100	100	100	100	100	100	100	100	100	100	100	100	100	100	100	100	100	100	100	100	100	100	100	100	100	100	100	100	100	100	100	100	100	100	100	100	100	100	100	100	100	100	100	100	100	100	100	100	100	100	100	100	100	100	100	100	100	100	100	100	100	100	100	100	100	100	100	100	100
PARD6G	100	100	100	100	100	100	100	100	100	100	100	100	100	100	100	100	100	100	100	100	100	100	100	100	100	100	100	100	100	100	100	100	100	100	100	100	100	100	100	100	100	100	100	100	100	100	100	100	100	100	100	100	100	100	100	100	100	100	100	100	100	100	100	100	100	100	100	100	100	100	100	100	100	100	100	100	100	100	100	100	100	100	100	100	100	100	100	100	100
PARK7	100	100	100	100	100	100	100	100	100	100	100	100	100	100	100	100	100	100	100	100	100	100	100	100	100	100	100	100	100	100	100	100	100	100	100	100	100	100	100	100	100	100	100	100	100	100	100	100	100	100	100	100	100	100	100	100	100	100	100	100	100	100	100	100	100	100	100	100	100	100	100	100	100	100	100	100	100	100	100	100	100	100	100	100	100	100	100	100	100
PARP1	2	3	3	3	2	2	3	4	3	3	2	5	100	4	4	2	4	4	4	3	4	2	2	4	2	2	2	2	4	3	4	4	4	2	2	2	5	4	5	4	3	2	2	4	100	2	3	4	2	4	4	2	2	100	2	3	2	4	4	2	2	4	2	2	2	100	4	2	4	3	2	2	2	3	4	3	4	3	2	2	3	2	3	100	5	2	2	3	3
PAX8	3	4	4	4	3	3	4	4	3	4	3	4	100	3	3	3	3	3	3	4	5	4	3	6	3	3	3	3	3	4	3	3	6	3	4	4	4	3	4	4	4	3	3	6	100	3	4	3	4	5	5	3	3	100	3	4	3	5	6	4	3	3	3	4	3	100	3	3	3	4	3	3	4	4	3	3	3	4	4	4	4	3	4	100	4	3	3	3	3
PCNA	3	4	3	4	3	3	4	4	3	4	3	4	100	3	3	3	3	3	3	3	4	3	3	5	3	3	3	3	3	3	3	3	5	3	3	3	4	3	4	4	4	3	3	5	100	3	4	3	3	4	4	3	3	100	3	3	3	4	5	3	3	3	3	3	3	100	3	3	3	4	3	3	3	3	3	3	3	3	3	3	3	3	3	100	4	3	3	3	3
PDCD4	3	3	3	3	3	3	3	3	2	3	3	3	100	2	2	3	2	2	2	3	6	3	3	5	3	3	3	2	2	3	2	2	5	3	3	3	3	2	3	3	3	3	3	5	100	2	3	2	3	6	6	2	3	100	2	3	3	5	5	3	3	2	3	3	3	100	2	3	2	3	2	3	3	3	2	2	2	3	3	3	3	3	3	100	3	3	2	2	2
PDGFRB	3	3	3	3	3	3	3	4	3	3	3	5	100	4	4	3	3	4	3	3	3	3	3	4	4	4	3	3	3	3	3	3	4	3	3	3	5	4	5	3	3	4	3	4	100	3	3	3	3	3	3	3	3	100	4	3	4	3	4	3	3	3	3	3	4	100	3	3	4	3	3	3	3	3	4	3	3	3	3	3	3	3	3	100	5	4	3	3	3
PDK1	4	2	3	2	2	3	2	4	2	2	4	5	100	4	4	4	4	4	4	2	3	3	3	4	4	4	4	4	4	3	4	3	4	4	3	2	5	4	5	3	2	4	3	4	100	3	2	3	3	3	3	4	3	100	4	3	4	3	4	3	2	4	4	3	4	100	4	3	4	2	4	4	3	3	4	2	4	3	3	3	3	3	3	100	5	4	3	3	3
PDPK1	3	4	2	4	3	2	4	4	4	4	3	4	100	4	4	3	4	4	4	2	5	3	3	4	3	3	3	3	4	2	4	4	4	3	3	3	4	4	4	4	4	3	2	4	100	3	4	4	3	5	5	3	3	100	3	2	3	4	4	2	3	4	3	3	3	100	4	3	4	4	3	3	3	2	4	4	4	2	3	3	2	3	2	100	4	3	3	2	2
PEA15	3	3	3	3	3	3	3	3	2	3	4	3	100	2	2	4	2	2	2	3	6	3	3	5	4	3	4	2	2	3	2	2	5	4	3	3	3	2	3	3	3	4	3	5	100	2	3	2	3	6	6	2	4	100	2	3	4	5	5	3	3	2	4	3	4	100	2	3	2	3	2	4	3	3	2	2	2	3	3	3	3	4	3	100	3	4	2	2	2
PECAM1	3	4	4	4	3	3	4	5	4	4	3	6	100	5	5	3	4	5	4	4	5	3	3	5	3	3	3	3	4	4	4	4	5	3	3	3	6	5	6	5	4	3	3	5	100	3	4	5	3	5	5	3	3	100	3	4	3	5	5	3	3	4	3	3	3	100	4	3	5	4	3	3	3	4	5	4	4	4	3	3	4	3	4	100	6	3	3	4	4
PGR	2	3	3	3	2	2	3	5	3	3	2	5	100	4	4	2	4	4	4	3	5	4	2	5	2	2	2	2	4	3	4	4	5	2	4	3	5	4	5	5	3	2	2	5	100	4	3	4	4	5	5	2	2	100	2	3	2	5	5	3	2	4	2	4	2	100	4	2	4	3	2	2	4	3	4	3	4	3	4	4	3	2	3	100	5	2	4	3	3
PIK3CA	4	4	3	4	4	3	4	4	1	4	4	4	100	3	3	4	1	3	1	3	5	4	4	5	4	4	4	1	1	3	1	1	5	4	4	4	4	3	4	4	4	4	3	5	100	1	4	3	4	5	5	1	4	100	3	3	4	5	5	3	4	1	4	4	4	100	1	4	3	4	3	4	4	3	3	3	1	3	4	4	3	4	3	100	4	4	3	1	3
PIK3CB	4	4	3	4	4	3	4	4	1	4	4	4	100	3	3	4	1	3	1	3	5	4	4	5	4	4	4	1	1	3	1	1	5	4	4	4	4	3	4	4	4	4	3	5	100	1	4	3	4	5	5	1	4	100	3	3	4	5	5	3	4	1	4	4	4	100	1	4	3	4	3	4	4	3	3	3	1	3	4	4	3	4	3	100	4	4	3	1	3
PIK3R1	3	3	2	3	3	2	3	3	1	3	3	3	100	3	3	3	1	3	1	2	5	3	3	4	3	3	3	1	1	2	1	1	4	3	3	3	3	3	3	3	3	3	2	4	100	1	3	3	3	5	5	1	3	100	3	2	3	4	4	2	3	1	3	3	3	100	1	3	3	3	3	3	3	2	3	3	1	2	3	3	2	3	2	100	3	3	3	1	2
PKM	2	3	3	3	2	2	3	5	3	3	2	5	100	4	4	2	4	4	4	3	5	3	2	5	2	2	2	2	4	3	4	4	5	2	3	3	5	4	5	5	3	2	2	5	100	3	3	4	3	5	5	2	2	100	2	3	2	5	5	3	2	4	2	3	2	100	4	2	4	3	2	2	3	3	4	3	4	3	3	3	3	2	3	100	5	2	3	3	3
PLCG2	3	4	2	4	3	2	4	4	4	4	3	4	100	4	4	3	4	4	4	2	5	3	3	4	3	3	3	3	4	2	4	4	4	3	3	3	4	4	4	4	4	3	2	4	100	3	4	4	3	5	5	3	3	100	3	2	3	4	4	2	3	4	3	3	3	100	4	3	4	4	3	3	3	2	4	4	4	2	3	3	2	3	2	100	4	3	3	2	2
PLK1	3	3	4	3	3	3	3	5	3	3	3	5	100	4	4	3	4	4	4	3	5	5	3	6	3	3	3	3	4	4	4	4	6	3	5	3	5	4	5	5	3	3	3	6	100	4	3	4	5	5	5	3	3	100	3	4	3	5	6	4	3	4	3	5	3	100	4	3	4	3	3	3	5	4	4	3	4	4	5	5	4	3	4	100	5	3	4	4	4
PMS2	100	100	100	100	100	100	100	100	100	100	100	100	100	100	100	100	100	100	100	100	100	100	100	100	100	100	100	100	100	100	100	100	100	100	100	100	100	100	100	100	100	100	100	100	100	100	100	100	100	100	100	100	100	100	100	100	100	100	100	100	100	100	100	100	100	100	100	100	100	100	100	100	100	100	100	100	100	100	100	100	100	100	100	100	100	100	100	100	100
POU5F1	2	3	3	3	2	2	3	5	3	3	2	5	100	4	4	2	4	4	4	3	5	4	2	5	2	2	2	2	4	3	4	4	5	2	4	3	5	4	5	5	3	2	2	5	100	4	3	4	4	5	5	2	2	100	2	3	2	5	5	3	2	4	2	4	2	100	4	2	4	3	2	2	4	3	4	3	4	3	4	4	3	2	3	100	5	2	4	3	3
PPIF	5	6	4	6	5	4	6	6	2	6	5	6	100	2	2	5	2	2	2	4	7	5	5	6	5	5	5	2	2	4	2	2	6	5	5	5	6	2	6	6	6	5	4	6	100	2	6	2	5	7	7	2	5	100	2	4	5	6	6	4	5	2	5	5	5	100	2	5	2	6	2	5	5	4	2	2	2	4	5	5	4	5	4	100	6	5	2	2	2
PREX1	100	100	100	100	100	100	100	100	100	100	100	100	100	100	100	100	100	100	100	100	100	100	100	100	100	100	100	100	100	100	100	100	100	100	100	100	100	100	100	100	100	100	100	100	100	100	100	100	100	100	100	100	100	100	100	100	100	100	100	100	100	100	100	100	100	100	100	100	100	100	100	100	100	100	100	100	100	100	100	100	100	100	100	100	100	100	100	100	100
PRKAA1	3	2	2	2	2	2	2	4	2	2	3	4	100	3	3	3	3	3	3	2	6	3	3	4	3	3	3	3	3	2	3	3	4	3	3	2	4	3	4	4	2	3	2	4	100	3	2	3	3	6	6	3	3	100	3	2	3	4	4	2	2	3	3	3	3	100	3	3	3	2	3	3	3	2	3	2	3	2	3	3	2	3	2	100	4	3	3	2	2
PRKAA2	100	100	100	100	100	100	100	100	100	100	100	100	100	100	100	100	100	100	100	100	100	100	100	100	100	100	100	100	100	100	100	100	100	100	100	100	100	100	100	100	100	100	100	100	100	100	100	100	100	100	100	100	100	100	100	100	100	100	100	100	100	100	100	100	100	100	100	100	100	100	100	100	100	100	100	100	100	100	100	100	100	100	100	100	100	100	100	100	100
PRKAR1A	100	100	100	100	100	100	100	100	100	100	100	100	100	100	100	100	100	100	100	100	100	100	100	100	100	100	100	100	100	100	100	100	100	100	100	100	100	100	100	100	100	100	100	100	100	100	100	100	100	100	100	100	100	100	100	100	100	100	100	100	100	100	100	100	100	100	100	100	100	100	100	100	100	100	100	100	100	100	100	100	100	100	100	100	100	100	100	100	100
PRKCA	4	4	3	4	4	3	4	5	4	4	4	5	100	4	4	4	4	4	4	3	6	1	1	5	4	4	4	4	4	3	4	4	5	4	1	1	5	4	5	5	4	4	3	5	100	1	4	4	1	6	6	4	4	100	4	3	4	5	5	1	4	4	4	1	4	100	4	1	4	4	4	4	1	3	4	4	4	3	1	1	3	4	3	100	5	4	1	3	3
PRKCB	4	4	3	4	4	3	4	5	4	4	4	5	100	4	4	4	4	4	4	3	6	1	1	5	4	4	4	4	4	3	4	4	5	4	1	1	5	4	5	5	4	4	3	5	100	1	4	4	1	6	6	4	4	100	4	3	4	5	5	1	4	4	4	1	4	100	4	1	4	4	4	4	1	3	4	4	4	3	1	1	3	4	3	100	5	4	1	3	3
PRKCD	3	3	2	3	3	2	3	2	3	3	3	3	100	4	3	3	4	4	3	2	5	1	1	2	3	3	3	3	4	2	4	4	2	3	1	1	3	2	3	3	2	2	2	2	100	1	3	4	1	5	5	3	3	100	3	2	3	2	2	1	3	4	2	1	3	100	2	1	4	3	3	3	1	2	4	3	4	2	1	1	2	3	2	100	3	3	1	2	2
PRKCE	3	2	2	2	2	2	2	4	2	2	3	4	100	3	3	3	3	3	3	2	5	1	1	4	3	3	3	3	3	2	3	3	4	3	1	1	4	3	4	4	2	3	2	4	100	1	2	3	1	5	5	3	3	100	3	2	3	4	4	1	2	3	3	1	3	100	3	1	3	2	3	3	1	2	3	2	3	2	1	1	2	3	2	100	4	3	1	2	2
PRKCH	100	100	100	100	100	100	100	100	100	100	100	100	100	100	100	100	100	100	100	100	100	1	1	100	100	100	100	100	100	100	100	100	100	100	1	1	100	100	100	100	100	100	100	100	100	1	100	100	1	100	100	100	100	100	100	100	100	100	100	1	100	100	100	1	100	100	100	1	100	100	100	100	1	100	100	100	100	100	1	1	100	100	100	100	100	100	1	100	100
PRKCQ	3	4	4	4	3	3	4	6	4	4	3	6	100	5	5	3	4	5	4	4	6	1	1	6	3	3	3	3	4	4	4	4	6	3	1	1	6	5	6	6	4	3	3	6	100	1	4	5	1	6	6	3	3	100	3	4	3	6	6	1	3	4	3	1	3	100	4	1	5	4	3	3	1	4	5	4	4	4	1	1	4	3	4	100	6	3	1	4	4
PTEN	3	2	2	2	2	2	2	3	2	2	3	3	100	3	3	3	3	3	3	2	4	3	3	4	3	3	3	3	3	2	3	3	4	3	3	2	3	3	3	3	2	3	2	4	100	3	2	3	3	4	4	3	3	100	3	2	3	4	4	2	2	3	3	3	3	100	3	3	3	2	3	3	3	2	3	2	3	2	3	3	2	3	2	100	3	3	3	2	2
PTGS2	4	4	4	4	4	4	4	4	4	4	4	5	100	4	4	4	4	4	4	4	5	3	3	4	4	4	4	4	4	4	4	4	4	4	3	3	5	4	5	5	4	4	4	4	100	3	4	4	3	5	5	4	4	100	4	4	4	4	4	3	4	4	4	3	4	100	4	3	4	4	4	4	3	4	4	4	4	4	3	3	4	4	4	100	5	4	3	4	4
PTK2	3	3	2	3	3	2	3	3	2	3	3	3	100	2	2	3	2	2	2	2	4	3	3	4	3	3	3	2	2	2	2	2	4	3	3	3	3	2	3	3	3	3	2	4	100	2	3	2	3	4	4	2	3	100	2	2	3	4	4	2	3	2	3	3	3	100	2	3	2	3	2	3	3	2	2	2	2	2	3	3	2	3	2	100	3	3	2	2	2
PTPN11	2	2	3	2	2	2	2	4	2	2	2	4	100	3	3	2	2	3	2	2	4	2	2	5	3	3	2	2	2	3	2	2	5	2	2	2	4	3	4	4	2	3	3	5	100	2	2	3	2	4	4	2	2	100	3	3	3	4	5	2	2	2	2	2	3	100	2	2	3	2	2	2	2	3	3	2	2	3	2	2	3	3	3	100	4	3	2	2	3
PXN	2	3	2	3	2	2	3	4	3	3	2	4	100	3	3	2	3	3	3	2	3	3	2	4	2	2	2	2	3	2	3	3	4	2	3	3	4	3	4	3	3	2	2	4	100	3	3	3	3	3	3	2	2	100	2	2	2	3	4	2	2	3	2	3	2	100	3	2	3	3	2	2	3	2	3	3	3	2	3	3	2	2	2	100	4	2	3	2	2
RAB11A	4	3	3	3	3	3	3	5	3	3	4	5	100	4	4	4	4	4	4	3	6	2	2	5	4	4	4	4	4	3	4	4	5	4	2	2	5	4	5	5	3	4	3	5	100	2	3	4	2	6	6	4	4	100	4	3	4	5	5	2	3	4	4	2	4	100	4	2	4	3	4	4	2	3	4	3	4	3	2	2	3	4	3	100	5	4	2	3	3
RAB11B	100	100	100	100	100	100	100	100	100	100	100	100	100	100	100	100	100	100	100	100	100	100	100	100	100	100	100	100	100	100	100	100	100	100	100	100	100	100	100	100	100	100	100	100	100	100	100	100	100	100	100	100	100	100	100	100	100	100	100	100	100	100	100	100	100	100	100	100	100	100	100	100	100	100	100	100	100	100	100	100	100	100	100	100	100	100	100	100	100
RAB25	100	100	100	100	100	100	100	100	100	100	100	100	100	100	100	100	100	100	100	100	100	100	100	100	100	100	100	100	100	100	100	100	100	100	100	100	100	100	100	100	100	100	100	100	100	100	100	100	100	100	100	100	100	100	100	100	100	100	100	100	100	100	100	100	100	100	100	100	100	100	100	100	100	100	100	100	100	100	100	100	100	100	100	100	100	100	100	100	100
RAD50	4	5	4	5	4	4	5	5	4	5	4	5	100	4	4	4	4	4	4	4	5	4	4	6	4	4	4	4	4	4	4	4	6	4	4	4	5	4	5	5	5	4	4	6	100	4	5	4	4	5	5	4	4	100	4	4	4	5	6	4	4	4	4	4	4	100	4	4	4	5	4	4	4	4	4	4	4	4	4	4	4	4	4	100	5	4	4	4	4
RAD51	4	4	3	3	4	3	4	4	3	4	4	4	100	3	3	4	3	3	3	3	3	3	3	4	4	4	4	3	3	3	3	3	4	4	3	3	4	3	4	3	4	4	3	4	100	3	4	3	3	3	3	3	3	100	3	3	4	3	4	3	4	3	4	3	4	100	3	3	3	4	3	4	3	3	3	3	3	3	3	3	3	3	3	100	4	4	3	3	3
RAF1	2	3	2	3	2	2	3	3	2	3	2	3	100	2	2	2	2	2	2	2	5	2	2	3	2	2	2	2	2	2	2	2	3	2	2	2	3	2	3	3	3	2	2	3	100	2	3	2	2	5	5	2	2	100	2	2	2	3	3	2	2	2	2	2	2	100	2	2	2	3	2	2	2	2	2	2	2	2	2	2	2	2	2	100	3	2	2	2	2
RB1	3	3	3	1	3	3	3	2	3	3	3	3	100	3	3	3	3	3	3	3	1	1	3	2	3	3	3	3	3	1	3	1	2	3	3	3	3	2	3	1	2	2	3	2	100	3	3	1	2	1	1	3	1	100	3	3	3	1	2	3	3	3	2	3	3	100	2	3	3	3	3	3	3	3	3	3	3	3	3	3	3	1	2	100	3	3	3	3	3
RBM15	100	100	100	100	100	100	100	100	100	100	100	100	100	100	100	100	100	100	100	100	100	100	100	100	100	100	100	100	100	100	100	100	100	100	100	100	100	100	100	100	100	100	100	100	100	100	100	100	100	100	100	100	100	100	100	100	100	100	100	100	100	100	100	100	100	100	100	100	100	100	100	100	100	100	100	100	100	100	100	100	100	100	100	100	100	100	100	100	100
RELA	3	2	2	2	2	2	2	4	2	2	3	4	100	3	3	3	3	3	3	2	4	3	3	4	3	3	3	3	3	2	3	3	4	3	3	2	4	3	4	4	2	3	2	4	100	3	2	3	3	4	4	3	3	100	3	2	3	4	4	2	2	3	3	3	3	100	3	3	3	2	3	3	3	2	3	2	3	2	3	3	2	3	2	100	4	3	3	2	2
RHEB	100	100	100	100	100	100	100	100	100	100	100	100	100	100	100	100	100	100	100	100	100	100	100	100	100	100	100	100	100	100	100	100	100	100	100	100	100	100	100	100	100	100	100	100	100	100	100	100	100	100	100	100	100	100	100	100	100	100	100	100	100	100	100	100	100	100	100	100	100	100	100	100	100	100	100	100	100	100	100	100	100	100	100	100	100	100	100	100	100
RICTOR	3	2	2	2	2	2	2	3	2	2	3	3	100	2	2	3	2	2	2	2	6	3	3	4	3	3	3	2	2	2	2	2	4	3	3	2	3	2	3	3	2	3	2	4	100	2	2	2	3	6	6	2	3	100	2	2	3	4	4	2	2	2	3	3	3	100	2	3	2	2	2	3	3	2	2	2	2	2	3	3	2	3	2	100	3	3	2	2	2
ROCK1	100	100	100	100	100	100	100	100	100	100	100	100	100	100	100	100	100	100	100	100	100	100	100	100	100	100	100	100	100	100	100	100	100	100	100	100	100	100	100	100	100	100	100	100	100	100	100	100	100	100	100	100	100	100	100	100	100	100	100	100	100	100	100	100	100	100	100	100	100	100	100	100	100	100	100	100	100	100	100	100	100	100	100	100	100	100	100	100	100
RPA2	4	4	3	4	4	3	4	5	4	4	4	5	100	4	4	4	4	4	4	3	4	4	4	5	4	4	4	4	4	3	4	4	5	4	4	4	5	4	5	4	4	4	3	5	100	4	4	4	4	4	4	4	4	100	4	3	4	4	5	3	4	4	4	4	4	100	4	4	4	4	4	4	4	3	4	4	4	3	4	4	3	4	3	100	5	4	4	3	3
RPS6	1	1	3	4	3	3	4	1	3	4	3	1	100	3	1	3	3	3	1	3	6	2	2	3	3	1	3	3	3	3	3	3	3	3	2	2	1	3	1	1	3	3	3	3	100	2	4	3	2	6	6	3	3	100	3	3	3	3	3	2	3	3	3	2	3	100	3	2	3	4	3	3	2	1	3	3	3	3	2	1	3	3	3	100	1	3	2	3	3
RPS6KA1	2	3	3	3	2	2	3	5	3	3	2	5	100	4	4	2	4	4	4	3	5	3	2	5	2	2	2	2	4	3	4	4	5	2	3	3	5	4	5	5	3	2	2	5	100	3	3	4	3	5	5	2	2	100	2	3	2	5	5	3	2	4	2	3	2	100	4	2	4	3	2	2	3	3	4	3	4	3	3	3	3	2	3	100	5	2	3	3	3
RPS6KA2	2	3	3	3	2	2	3	5	3	3	2	5	100	4	4	2	4	4	4	3	5	3	2	5	2	2	2	2	4	3	4	4	5	2	3	3	5	4	5	5	3	2	2	5	100	3	3	4	3	5	5	2	2	100	2	3	2	5	5	3	2	4	2	3	2	100	4	2	4	3	2	2	3	3	4	3	4	3	3	3	3	2	3	100	5	2	3	3	3
RPS6KA3	2	3	2	3	2	2	3	4	3	3	2	4	100	4	4	2	4	4	4	2	5	3	2	4	2	2	2	2	4	2	4	4	4	2	3	3	4	4	4	4	3	2	2	4	100	3	3	4	3	5	5	2	2	100	2	2	2	4	4	2	2	4	2	3	2	100	4	2	4	3	2	2	3	2	4	3	4	2	3	3	2	2	2	100	4	2	3	2	2
RPS6KB1	2	2	3	3	2	2	3	2	2	3	2	2	100	2	2	2	2	2	2	3	5	3	2	5	2	2	2	2	2	3	2	2	5	2	3	3	2	2	2	2	3	2	2	5	100	2	3	2	3	5	5	2	2	100	2	3	2	5	5	3	2	2	2	3	2	100	2	2	2	3	2	2	3	2	2	2	2	3	3	2	3	2	3	100	2	2	2	2	2
RPTOR	2	2	2	2	2	2	2	2	2	2	2	2	100	3	2	2	3	3	2	2	5	3	2	4	2	2	2	2	3	2	3	3	4	2	3	2	2	3	2	2	2	2	2	4	100	3	2	3	3	5	5	2	2	100	2	2	2	4	4	2	2	3	2	3	2	100	3	2	3	2	2	2	3	2	3	2	3	2	3	2	2	2	2	100	2	2	3	2	2
SCD	100	100	100	100	100	100	100	100	100	100	100	100	100	100	100	100	100	100	100	100	100	100	100	100	100	100	100	100	100	100	100	100	100	100	100	100	100	100	100	100	100	100	100	100	100	100	100	100	100	100	100	100	100	100	100	100	100	100	100	100	100	100	100	100	100	100	100	100	100	100	100	100	100	100	100	100	100	100	100	100	100	100	100	100	100	100	100	100	100
SDHA	4	4	2	4	4	2	4	4	4	4	4	4	100	4	4	4	4	4	4	2	5	3	3	4	4	4	4	4	4	2	4	4	4	4	3	3	4	4	4	4	4	4	2	4	100	3	4	4	3	5	5	4	4	100	4	2	4	4	4	2	4	4	4	3	4	100	4	3	4	4	4	4	3	2	4	4	4	2	3	3	2	4	2	100	4	4	3	2	2
SERPINA2	100	100	100	100	100	100	100	100	100	100	100	100	100	100	100	100	100	100	100	100	100	100	100	100	100	100	100	100	100	100	100	100	100	100	100	100	100	100	100	100	100	100	100	100	100	100	100	100	100	100	100	100	100	100	100	100	100	100	100	100	100	100	100	100	100	100	100	100	100	100	100	100	100	100	100	100	100	100	100	100	100	100	100	100	100	100	100	100	100
SERPINE1	100	100	100	100	100	100	100	100	100	100	100	100	100	100	100	100	100	100	100	100	100	100	100	100	100	100	100	100	100	100	100	100	100	100	100	100	100	100	100	100	100	100	100	100	100	100	100	100	100	100	100	100	100	100	100	100	100	100	100	100	100	100	100	100	100	100	100	100	100	100	100	100	100	100	100	100	100	100	100	100	100	100	100	100	100	100	100	100	100
SHC1	3	3	2	3	3	2	3	3	3	3	3	3	100	3	3	3	3	3	3	2	4	3	3	4	3	3	3	3	3	2	3	3	4	3	3	3	3	3	3	3	3	3	2	4	100	3	3	3	3	4	4	3	3	100	3	2	3	4	4	2	3	3	3	3	3	100	3	3	3	3	3	3	3	2	3	3	3	2	3	3	2	3	2	100	3	3	3	2	2
SLC16A4	100	100	100	100	100	100	100	100	100	100	100	100	100	100	100	100	100	100	100	100	100	100	100	100	100	100	100	100	100	100	100	100	100	100	100	100	100	100	100	100	100	100	100	100	100	100	100	100	100	100	100	100	100	100	100	100	100	100	100	100	100	100	100	100	100	100	100	100	100	100	100	100	100	100	100	100	100	100	100	100	100	100	100	100	100	100	100	100	100
SLC1A5	100	100	100	100	100	100	100	100	100	100	100	100	100	100	100	100	100	100	100	100	100	100	100	100	100	100	100	100	100	100	100	100	100	100	100	100	100	100	100	100	100	100	100	100	100	100	100	100	100	100	100	100	100	100	100	100	100	100	100	100	100	100	100	100	100	100	100	100	100	100	100	100	100	100	100	100	100	100	100	100	100	100	100	100	100	100	100	100	100
SMAD1	2	2	2	2	2	2	2	3	2	2	2	3	100	3	3	2	3	3	3	2	4	3	2	4	2	2	2	2	3	2	3	3	4	2	3	2	3	3	3	3	2	2	2	4	100	3	2	3	3	4	4	2	2	100	2	2	2	4	4	2	2	3	2	3	2	100	3	2	3	2	2	2	3	2	3	2	3	2	3	3	2	2	2	100	3	2	3	2	2
SMAD3	2	3	3	3	2	2	3	3	2	3	2	3	100	2	2	2	2	2	2	3	4	3	2	5	2	2	2	2	2	3	2	2	5	2	3	3	3	2	3	3	3	2	2	5	100	2	3	2	3	4	4	2	2	100	2	3	2	4	5	3	2	2	2	3	2	100	2	2	2	3	2	2	3	3	2	2	2	3	3	3	3	2	3	100	3	2	2	2	2
SMAD4	3	3	3	3	3	3	3	3	3	3	3	3	100	3	3	3	3	3	3	3	4	4	3	5	3	3	3	3	3	3	3	3	5	3	4	3	3	3	3	3	3	3	3	5	100	3	3	3	4	4	4	3	3	100	3	3	3	4	5	3	3	3	3	4	3	100	3	3	3	3	3	3	4	3	3	3	3	3	4	3	3	3	3	100	3	3	3	3	3
SNAI1	2	2	2	2	2	2	2	4	2	2	2	4	100	3	3	2	3	3	3	2	5	3	2	4	2	2	2	2	3	2	3	3	4	2	3	2	4	3	4	4	2	2	2	4	100	3	2	3	3	5	5	2	2	100	2	2	2	4	4	2	2	3	2	3	2	100	3	2	3	2	2	2	3	2	3	2	3	2	3	3	2	2	2	100	4	2	3	2	2
SOD1	100	100	100	100	100	100	100	100	100	100	100	100	100	100	100	100	100	100	100	100	100	100	100	100	100	100	100	100	100	100	100	100	100	100	100	100	100	100	100	100	100	100	100	100	100	100	100	100	100	100	100	100	100	100	100	100	100	100	100	100	100	100	100	100	100	100	100	100	100	100	100	100	100	100	100	100	100	100	100	100	100	100	100	100	100	100	100	100	100
SOD2	5	4	3	4	4	3	4	5	4	4	5	5	100	4	4	5	4	4	4	3	6	4	4	5	5	5	5	4	4	3	4	4	5	5	4	4	5	4	5	5	4	5	3	5	100	4	4	4	4	6	6	4	5	100	4	3	5	5	5	3	4	4	5	4	5	100	4	4	4	4	4	5	4	3	4	4	4	3	4	4	3	5	3	100	5	5	4	3	3
SOX2	100	100	100	100	100	100	100	100	100	100	100	100	100	100	100	100	100	100	100	100	100	100	100	100	100	100	100	100	100	100	100	100	100	100	100	100	100	100	100	100	100	100	100	100	100	100	100	100	100	100	100	100	100	100	100	100	100	100	100	100	100	100	100	100	100	100	100	100	100	100	100	100	100	100	100	100	100	100	100	100	100	100	100	100	100	100	100	100	100
SRC	3	3	1	3	3	1	3	3	3	3	3	3	100	3	3	3	3	3	3	1	4	2	2	3	3	3	3	3	3	1	3	3	3	3	2	2	3	3	3	3	3	3	1	3	100	2	3	3	2	4	4	3	3	100	3	1	3	3	3	1	3	3	3	2	3	100	3	2	3	3	3	3	2	1	3	3	3	1	2	2	1	3	1	100	3	3	2	1	1
SRSF1	100	100	100	100	100	100	100	100	100	100	100	100	100	100	100	100	100	100	100	100	100	100	100	100	100	100	100	100	100	100	100	100	100	100	100	100	100	100	100	100	100	100	100	100	100	100	100	100	100	100	100	100	100	100	100	100	100	100	100	100	100	100	100	100	100	100	100	100	100	100	100	100	100	100	100	100	100	100	100	100	100	100	100	100	100	100	100	100	100
STAT3	2	2	2	2	2	2	2	1	2	2	2	2	100	3	2	2	3	3	2	2	4	2	2	1	2	2	2	2	3	2	3	3	1	2	2	2	2	1	2	2	1	1	2	1	100	2	2	3	1	4	4	2	2	100	2	2	2	1	1	2	2	3	1	2	2	100	1	2	3	2	2	2	2	2	3	2	3	2	2	2	2	2	1	100	2	2	2	2	2
STAT5A	2	2	2	2	2	2	2	4	2	2	2	4	100	3	3	2	3	3	3	2	4	3	2	4	2	2	2	2	3	2	3	3	4	2	3	2	4	3	4	4	2	2	2	4	100	3	2	3	3	4	4	2	2	100	2	2	2	4	4	2	2	3	2	3	2	100	3	2	3	2	2	2	3	2	3	2	3	2	3	3	2	2	2	100	4	2	3	2	2
STMN1	2	3	3	3	2	2	3	5	3	3	2	5	100	4	4	2	4	4	4	3	5	2	2	5	2	2	2	2	4	3	4	4	5	2	2	2	5	4	5	5	3	2	2	5	100	2	3	4	2	5	5	2	2	100	2	3	2	5	5	2	2	4	2	2	2	100	4	2	4	3	2	2	2	3	4	3	4	3	2	2	3	2	3	100	5	2	2	3	3
SYK	3	3	3	3	3	3	3	4	3	3	3	4	100	3	3	3	3	3	3	3	5	3	3	4	3	3	3	3	3	3	3	3	4	3	3	3	4	3	4	4	3	3	3	4	100	3	3	3	3	5	5	3	3	100	3	3	3	4	4	3	3	3	3	3	3	100	3	3	3	3	3	3	3	3	3	3	3	3	3	3	3	3	3	100	4	3	3	3	3
TFAM	3	3	3	3	3	3	3	4	3	3	3	5	100	4	4	3	4	4	4	3	5	3	3	4	3	3	3	3	4	3	4	4	4	3	3	3	5	4	5	5	3	3	3	4	100	3	3	4	3	5	5	3	3	100	3	3	3	4	4	3	3	4	3	3	3	100	4	3	4	3	3	3	3	3	4	3	4	3	3	3	3	3	3	100	5	3	3	3	3
TFRC	4	4	2	4	4	2	4	4	4	4	4	4	100	4	4	4	4	4	4	2	5	2	2	4	4	4	4	4	4	2	4	4	4	4	2	2	4	4	4	4	4	4	2	4	100	2	4	4	2	5	5	4	4	100	4	2	4	4	4	2	4	4	4	2	4	100	4	2	4	4	4	4	2	2	4	4	4	2	2	2	2	4	2	100	4	4	2	2	2
TGM2	100	100	100	100	100	100	100	100	100	100	100	100	100	100	100	100	100	100	100	100	100	100	100	100	100	100	100	100	100	100	100	100	100	100	100	100	100	100	100	100	100	100	100	100	100	100	100	100	100	100	100	100	100	100	100	100	100	100	100	100	100	100	100	100	100	100	100	100	100	100	100	100	100	100	100	100	100	100	100	100	100	100	100	100	100	100	100	100	100
TIGAR	100	100	100	100	100	100	100	100	100	100	100	100	100	100	100	100	100	100	100	100	100	100	100	100	100	100	100	100	100	100	100	100	100	100	100	100	100	100	100	100	100	100	100	100	100	100	100	100	100	100	100	100	100	100	100	100	100	100	100	100	100	100	100	100	100	100	100	100	100	100	100	100	100	100	100	100	100	100	100	100	100	100	100	100	100	100	100	100	100
TP53	2	2	2	2	2	2	2	3	2	2	2	4	100	3	3	2	3	3	3	2	4	2	2	3	2	2	2	2	3	2	3	3	3	2	2	2	4	3	4	4	2	2	2	3	100	2	2	3	2	4	4	2	2	100	2	2	2	3	3	2	2	3	2	2	2	100	3	2	3	2	2	2	2	2	3	2	3	2	2	2	2	2	2	100	4	2	2	2	2
TP53BP1	4	4	3	4	4	3	4	4	3	4	4	4	100	3	3	4	3	3	3	3	5	4	4	5	4	4	4	3	3	3	3	3	5	4	4	4	4	3	4	4	4	4	3	5	100	3	4	3	4	5	5	3	4	100	3	3	4	5	5	3	4	3	4	4	4	100	3	4	3	4	3	4	4	3	3	3	3	3	4	4	3	4	3	100	4	4	3	3	3
TRIM25	100	100	100	100	100	100	100	100	100	100	100	100	100	100	100	100	100	100	100	100	100	100	100	100	100	100	100	100	100	100	100	100	100	100	100	100	100	100	100	100	100	100	100	100	100	100	100	100	100	100	100	100	100	100	100	100	100	100	100	100	100	100	100	100	100	100	100	100	100	100	100	100	100	100	100	100	100	100	100	100	100	100	100	100	100	100	100	100	100
TSC1	5	4	3	4	4	3	4	5	4	4	5	5	100	4	4	5	4	4	4	3	6	4	4	5	5	5	5	4	4	3	4	4	5	5	4	4	5	4	5	5	4	5	3	5	100	4	4	4	4	6	6	4	5	100	4	3	5	5	5	3	4	4	5	4	5	100	4	4	4	4	4	5	4	3	4	4	4	3	4	4	3	5	3	100	5	5	4	3	3
TSC2	2	3	3	3	2	2	3	3	2	3	2	3	100	2	2	2	2	2	2	3	5	3	2	5	2	2	2	2	2	3	2	2	5	2	3	3	3	2	3	3	3	2	2	5	100	2	3	2	3	5	5	2	2	100	2	3	2	5	5	3	2	2	2	3	2	100	2	2	2	3	2	2	3	3	2	2	2	3	3	3	3	2	3	100	3	2	2	2	2
TUBA1A	100	100	100	100	100	100	100	100	100	100	100	100	100	100	100	100	100	100	100	100	100	100	100	100	100	100	100	100	100	100	100	100	100	100	100	100	100	100	100	100	100	100	100	100	100	100	100	100	100	100	100	100	100	100	100	100	100	100	100	100	100	100	100	100	100	100	100	100	100	100	100	100	100	100	100	100	100	100	100	100	100	100	100	100	100	100	100	100	100
TUFM	100	100	100	100	100	100	100	100	100	100	100	100	100	100	100	100	100	100	100	100	100	100	100	100	100	100	100	100	100	100	100	100	100	100	100	100	100	100	100	100	100	100	100	100	100	100	100	100	100	100	100	100	100	100	100	100	100	100	100	100	100	100	100	100	100	100	100	100	100	100	100	100	100	100	100	100	100	100	100	100	100	100	100	100	100	100	100	100	100
TWIST2	100	100	100	100	100	100	100	100	100	100	100	100	100	100	100	100	100	100	100	100	100	100	100	100	100	100	100	100	100	100	100	100	100	100	100	100	100	100	100	100	100	100	100	100	100	100	100	100	100	100	100	100	100	100	100	100	100	100	100	100	100	100	100	100	100	100	100	100	100	100	100	100	100	100	100	100	100	100	100	100	100	100	100	100	100	100	100	100	100
TYRO3	100	100	100	100	100	100	100	100	100	100	100	100	100	100	100	100	100	100	100	100	100	100	100	100	100	100	100	100	100	100	100	100	100	100	100	100	100	100	100	100	100	100	100	100	100	100	100	100	100	100	100	100	100	100	100	100	100	100	100	100	100	100	100	100	100	100	100	100	100	100	100	100	100	100	100	100	100	100	100	100	100	100	100	100	100	100	100	100	100
UBAC1	100	100	100	100	100	100	100	100	100	100	100	100	100	100	100	100	100	100	100	100	100	100	100	100	100	100	100	100	100	100	100	100	100	100	100	100	100	100	100	100	100	100	100	100	100	100	100	100	100	100	100	100	100	100	100	100	100	100	100	100	100	100	100	100	100	100	100	100	100	100	100	100	100	100	100	100	100	100	100	100	100	100	100	100	100	100	100	100	100
UGT1A1	100	100	100	100	100	100	100	100	100	100	100	100	100	100	100	100	100	100	100	100	100	100	100	100	100	100	100	100	100	100	100	100	100	100	100	100	100	100	100	100	100	100	100	100	100	100	100	100	100	100	100	100	100	100	100	100	100	100	100	100	100	100	100	100	100	100	100	100	100	100	100	100	100	100	100	100	100	100	100	100	100	100	100	100	100	100	100	100	100
ULK1	2	2	3	3	3	3	3	2	3	3	4	2	100	3	2	4	3	3	2	3	7	4	4	5	4	2	4	3	3	3	3	3	5	4	4	3	2	3	2	2	3	4	3	5	100	3	3	3	4	7	7	3	4	100	3	3	4	5	5	3	3	3	4	4	4	100	3	4	3	3	3	4	4	2	3	3	3	3	4	2	3	4	3	100	2	4	3	3	3
VASP	3	3	3	3	3	3	3	5	3	3	3	5	100	4	4	3	4	4	4	3	6	2	2	5	3	3	3	3	4	3	4	4	5	3	2	2	5	4	5	5	3	3	3	5	100	2	3	4	2	6	6	3	3	100	3	3	3	5	5	2	3	4	3	2	3	100	4	2	4	3	3	3	2	3	4	3	4	3	2	2	3	3	3	100	5	3	2	3	3
VCAM1	100	100	100	100	100	100	100	100	100	100	100	100	100	100	100	100	100	100	100	100	100	100	100	100	100	100	100	100	100	100	100	100	100	100	100	100	100	100	100	100	100	100	100	100	100	100	100	100	100	100	100	100	100	100	100	100	100	100	100	100	100	100	100	100	100	100	100	100	100	100	100	100	100	100	100	100	100	100	100	100	100	100	100	100	100	100	100	100	100
VDAC1	100	100	100	100	100	100	100	100	100	100	100	100	100	100	100	100	100	100	100	100	100	100	100	100	100	100	100	100	100	100	100	100	100	100	100	100	100	100	100	100	100	100	100	100	100	100	100	100	100	100	100	100	100	100	100	100	100	100	100	100	100	100	100	100	100	100	100	100	100	100	100	100	100	100	100	100	100	100	100	100	100	100	100	100	100	100	100	100	100
VIM	3	3	3	3	3	3	3	3	2	3	3	3	100	2	2	3	2	2	2	3	5	2	2	5	3	3	3	2	2	3	2	2	5	3	2	2	3	2	3	3	3	3	3	5	100	2	3	2	2	5	5	2	3	100	2	3	3	5	5	2	3	2	3	2	3	100	2	2	2	3	2	3	2	3	2	2	2	3	2	2	3	3	3	100	3	3	2	2	2
VTCN1	100	100	100	100	100	100	100	100	100	100	100	100	100	100	100	100	100	100	100	100	100	100	100	100	100	100	100	100	100	100	100	100	100	100	100	100	100	100	100	100	100	100	100	100	100	100	100	100	100	100	100	100	100	100	100	100	100	100	100	100	100	100	100	100	100	100	100	100	100	100	100	100	100	100	100	100	100	100	100	100	100	100	100	100	100	100	100	100	100
WEE1	3	2	2	2	2	2	2	3	2	2	3	3	100	2	2	3	2	2	2	2	5	3	3	4	3	3	3	2	2	2	2	2	4	3	3	2	3	2	3	3	2	3	2	4	100	2	2	2	3	5	5	2	3	100	2	2	3	4	4	2	2	2	3	3	3	100	2	3	2	2	2	3	3	2	2	2	2	2	3	3	2	3	2	100	3	3	2	2	2
WIPI1	100	100	100	100	100	100	100	100	100	100	100	100	100	100	100	100	100	100	100	100	100	100	100	100	100	100	100	100	100	100	100	100	100	100	100	100	100	100	100	100	100	100	100	100	100	100	100	100	100	100	100	100	100	100	100	100	100	100	100	100	100	100	100	100	100	100	100	100	100	100	100	100	100	100	100	100	100	100	100	100	100	100	100	100	100	100	100	100	100
WIPI2	100	100	100	100	100	100	100	100	100	100	100	100	100	100	100	100	100	100	100	100	100	100	100	100	100	100	100	100	100	100	100	100	100	100	100	100	100	100	100	100	100	100	100	100	100	100	100	100	100	100	100	100	100	100	100	100	100	100	100	100	100	100	100	100	100	100	100	100	100	100	100	100	100	100	100	100	100	100	100	100	100	100	100	100	100	100	100	100	100
WWTR1	5	4	3	4	4	3	4	5	4	4	5	5	100	4	4	5	4	4	4	3	6	4	4	5	5	5	5	4	4	3	4	4	5	5	4	4	5	4	5	5	4	5	3	5	100	4	4	4	4	6	6	4	5	100	4	3	5	5	5	3	4	4	5	4	5	100	4	4	4	4	4	5	4	3	4	4	4	3	4	4	3	5	3	100	5	5	4	3	3
XBP1	2	3	3	3	2	2	3	5	3	3	2	5	100	4	4	2	4	4	4	3	5	4	2	5	2	2	2	2	4	3	4	4	5	2	4	3	5	4	5	5	3	2	2	5	100	4	3	4	4	5	5	2	2	100	2	3	2	5	5	3	2	4	2	4	2	100	4	2	4	3	2	2	4	3	4	3	4	3	4	4	3	2	3	100	5	2	4	3	3
XPA	4	5	4	4	4	4	5	5	4	5	4	5	100	4	4	4	4	4	4	4	4	4	4	5	4	4	4	4	4	4	4	4	5	4	4	4	5	4	5	4	5	4	4	5	100	4	5	4	4	4	4	4	4	100	4	4	4	4	5	4	4	4	4	4	4	100	4	4	4	5	4	4	4	4	4	4	4	4	4	4	4	4	4	100	5	4	4	4	4
XRCC1	5	5	5	5	5	5	5	6	5	5	5	6	100	5	5	5	5	5	5	5	5	5	5	6	5	5	5	5	5	5	5	5	6	5	5	5	6	5	6	5	5	5	5	6	100	5	5	5	5	5	5	5	5	100	5	5	5	5	6	5	5	5	5	5	5	100	5	5	5	5	5	5	5	5	5	5	5	5	5	5	5	5	5	100	6	5	5	5	5
YAP1	3	3	3	3	3	3	3	3	2	3	4	3	100	2	2	4	2	2	2	3	3	3	3	4	4	3	4	2	2	3	2	2	4	4	3	3	3	2	3	3	3	4	3	4	100	2	3	2	3	3	3	2	3	100	2	3	4	3	4	3	3	2	4	3	4	100	2	3	2	3	2	4	3	3	2	2	2	3	3	3	3	3	3	100	3	4	2	2	2
YBX1	3	3	3	3	3	3	3	3	2	3	3	3	100	2	2	3	2	2	2	3	5	3	3	5	3	3	3	2	2	3	2	2	5	3	3	3	3	2	3	3	3	3	3	5	100	2	3	2	3	5	5	2	3	100	2	3	3	5	5	3	3	2	3	3	3	100	2	3	2	3	2	3	3	3	2	2	2	3	3	3	3	3	3	100	3	3	2	2	2
YES1	100	100	100	100	100	100	100	100	100	100	100	100	100	100	100	100	100	100	100	100	100	100	100	100	100	100	100	100	100	100	100	100	100	100	100	100	100	100	100	100	100	100	100	100	100	100	100	100	100	100	100	100	100	100	100	100	100	100	100	100	100	100	100	100	100	100	100	100	100	100	100	100	100	100	100	100	100	100	100	100	100	100	100	100	100	100	100	100	100
YWHAB	3	4	3	4	4	3	4	3	4	4	3	4	100	5	4	3	5	5	4	3	6	2	2	3	4	4	3	4	5	3	5	5	3	3	2	2	4	3	4	4	3	3	3	3	100	2	4	5	2	6	6	3	3	100	4	3	4	3	3	2	3	5	3	2	4	100	3	2	5	4	3	3	2	3	5	4	5	3	2	2	3	4	3	100	4	4	2	3	3
YWHAE	100	100	100	100	100	100	100	100	100	100	100	100	100	100	100	100	100	100	100	100	100	100	100	100	100	100	100	100	100	100	100	100	100	100	100	100	100	100	100	100	100	100	100	100	100	100	100	100	100	100	100	100	100	100	100	100	100	100	100	100	100	100	100	100	100	100	100	100	100	100	100	100	100	100	100	100	100	100	100	100	100	100	100	100	100	100	100	100	100
YWHAZ	3	3	3	3	3	3	3	3	2	3	3	3	100	2	2	3	2	2	2	3	6	3	3	5	4	3	3	2	2	3	2	2	5	3	3	3	3	2	3	3	3	4	3	5	100	2	3	2	3	6	6	2	3	100	2	3	4	5	5	3	3	2	3	3	4	100	2	3	2	3	2	3	3	3	2	2	2	3	3	3	3	4	3	100	3	4	2	2	2
ZAP70	3	4	3	3	3	3	4	4	4	4	3	5	100	5	5	3	4	5	4	3	3	3	3	4	3	3	3	3	4	3	4	3	4	3	3	3	5	4	5	3	4	3	3	4	100	3	4	3	3	3	3	3	3	100	3	3	3	3	4	3	3	4	3	3	3	100	4	3	5	4	3	3	3	3	5	4	4	3	3	3	3	3	3	100	5	3	3	3	3
